7.319587628865978912e-01 5.948158253751705260e-01 2.796892341842397434e-01 2.740046838407494412e-01 1.271008403361344463e-01 1.985472154963680291e-01 1.060924369747899138e-01 1.334033613445378130e-01 1.197478991596638703e-01 1.428571428571428492e-01
6.778169014084507449e-01 4.449541284403669694e-01 1.666666666666666574e-01 1.709401709401709435e-01 9.090909090909091161e-02 1.280487804878048808e-01 1.980198019801980222e-02 2.362204724409448786e-02 3.508771929824561209e-02 1.176470588235294101e-01
7.534246575342465890e-01 6.712802768166089562e-01 3.652173913043478271e-01 3.703703703703703498e-01 1.222222222222222182e-01 2.386363636363636465e-01 4.081632653061224164e-02 6.818181818181817677e-02 9.090909090909091161e-02 2.388059701492537268e-01
7.319587628865978912e-01 6.969696969696970168e-01 0.000000000000000000e+00 5.000000000000000000e-01 0.000000000000000000e+00 0.000000000000000000e+00 0.000000000000000000e+00 0.000000000000000000e+00 0.000000000000000000e+00 0.000000000000000000e+00
6.778169014084507449e-01 4.521739130434782594e-01 0.000000000000000000e+00 8.333333333333333703e-01 0.000000000000000000e+00 0.000000000000000000e+00 0.000000000000000000e+00 0.000000000000000000e+00 0.000000000000000000e+00 0.000000000000000000e+00
7.534246575342465890e-01 6.666666666666666297e-01 0.000000000000000000e+00 5.555555555555555802e-01 0.000000000000000000e+00 0.000000000000000000e+00 0.000000000000000000e+00 0.000000000000000000e+00 0.000000000000000000e+00 0.000000000000000000e+00
7.709923664122136922e-01 6.204663212435233000e-01 2.940516273849607121e-01 2.666666666666666630e-01 1.260504201680672232e-01 1.870503597122302186e-01 1.092436974789915971e-01 1.376050420168067334e-01 1.134453781512605036e-01 1.365546218487394825e-01
7.376237623762376128e-01 4.780793319415448939e-01 2.022900763358778664e-01 1.610169491525423602e-01 1.000000000000000056e-01 1.089743589743589758e-01 2.884615384615384776e-02 1.526717557251908337e-02 1.851851851851851749e-02 9.230769230769231282e-02
7.842105263157894690e-01 6.876876876876877320e-01 4.015151515151514916e-01 3.247863247863247982e-01 1.558441558441558406e-01 2.023809523809523836e-01 7.142857142857142461e-02 4.000000000000000083e-02 5.263157894736841813e-02 1.875000000000000000e-01
7.709923664122136922e-01 7.251461988304093165e-01 0.000000000000000000e+00 3.529411764705882582e-01 0.000000000000000000e+00 0.000000000000000000e+00 0.000000000000000000e+00 0.000000000000000000e+00 0.000000000000000000e+00 0.000000000000000000e+00
7.376237623762376128e-01 4.596774193548386900e-01 0.000000000000000000e+00 8.333333333333333703e-01 0.000000000000000000e+00 0.000000000000000000e+00 0.000000000000000000e+00 0.000000000000000000e+00 0.000000000000000000e+00 0.000000000000000000e+00
7.842105263157894690e-01 6.705882352941175961e-01 0.000000000000000000e+00 4.166666666666666852e-01 0.000000000000000000e+00 0.000000000000000000e+00 0.000000000000000000e+00 0.000000000000000000e+00 0.000000000000000000e+00 0.000000000000000000e+00
9.520000000000000000e+02 9.520000000000000000e+02 9.520000000000000000e+02 9.520000000000000000e+02 9.520000000000000000e+02 9.520000000000000000e+02 9.520000000000000000e+02 9.520000000000000000e+02 9.520000000000000000e+02 9.520000000000000000e+02
7.760000000000000000e+02 7.330000000000000000e+02 9.010000000000000000e+02 8.540000000000000000e+02 1.056000000000000000e+03 8.260000000000000000e+02 2.031000000000000000e+03 1.330000000000000000e+03 1.761000000000000000e+03 1.327000000000000000e+03
7.760000000000000000e+02 1.650000000000000000e+02 0.000000000000000000e+00 1.200000000000000000e+01 0.000000000000000000e+00 0.000000000000000000e+00 0.000000000000000000e+00 0.000000000000000000e+00 0.000000000000000000e+00 0.000000000000000000e+00
7.860000000000000000e+02 7.720000000000000000e+02 8.910000000000000000e+02 8.850000000000000000e+02 1.060000000000000000e+03 8.340000000000000000e+02 1.904000000000000000e+03 1.335000000000000000e+03 1.643000000000000000e+03 1.250000000000000000e+03
7.860000000000000000e+02 1.710000000000000000e+02 0.000000000000000000e+00 1.700000000000000000e+01 0.000000000000000000e+00 0.000000000000000000e+00 0.000000000000000000e+00 0.000000000000000000e+00 0.000000000000000000e+00 0.000000000000000000e+00
0.000000000000000000e+00 2.222222222222222329e-04 4.444444444444444657e-04 6.666666666666667528e-04 8.888888888888889315e-04 1.111111111111111110e-03 1.333333333333333506e-03 1.555555555555555684e-03 1.777777777777777863e-03 2.000000000000000042e-03
