7.319587628865978912e-01 4.755332496863237113e-01 4.160789844851904284e-01 2.177328843995510743e-01 2.527607361963190025e-01 1.144957983193277268e-01 1.102941176470588203e-01 2.246642246642246710e-01 1.743697478991596550e-01 1.092436974789915971e-01
6.778169014084507449e-01 3.245382585751979132e-01 2.881355932203389925e-01 1.134020618556701027e-01 1.747572815533980639e-01 9.174311926605505096e-02 8.571428571428571508e-02 8.695652173913043237e-02 3.614457831325301046e-02 9.615384615384615918e-03
7.534246575342465890e-01 5.418502202643171728e-01 4.885057471264367956e-01 2.471910112359550493e-01 3.243243243243243423e-01 1.562500000000000000e-01 1.384615384615384692e-01 2.253521126760563431e-01 1.395348837209302306e-01 1.923076923076923184e-02
7.319587628865978912e-01 7.058823529411765163e-01 2.666666666666666630e-01 0.000000000000000000e+00 0.000000000000000000e+00 0.000000000000000000e+00 0.000000000000000000e+00 0.000000000000000000e+00 0.000000000000000000e+00 0.000000000000000000e+00
6.778169014084507449e-01 4.444444444444444198e-01 2.500000000000000000e-01 0.000000000000000000e+00 1.000000000000000000e+00 0.000000000000000000e+00 0.000000000000000000e+00 0.000000000000000000e+00 0.000000000000000000e+00 0.000000000000000000e+00
7.534246575342465890e-01 6.400000000000000133e-01 1.250000000000000000e-01 0.000000000000000000e+00 1.000000000000000000e+00 0.000000000000000000e+00 0.000000000000000000e+00 0.000000000000000000e+00 0.000000000000000000e+00 0.000000000000000000e+00
7.709923664122136922e-01 5.012224938875305957e-01 4.279778393351800769e-01 2.068206820682068070e-01 2.619339045287637502e-01 1.029411764705882304e-01 9.453781512605041737e-02 2.277353689567430117e-01 1.607142857142857262e-01 1.176470588235294101e-01
7.376237623762376128e-01 3.390243902439024626e-01 2.718446601941747476e-01 1.010638297872340358e-01 1.401869158878504551e-01 8.163265306122448328e-02 5.555555555555555247e-02 1.117318435754189876e-01 5.228758169934640682e-02 1.785714285714285615e-02
7.842105263157894690e-01 5.225563909774436633e-01 4.692737430167597812e-01 1.881188118811881194e-01 2.777777777777777901e-01 1.250000000000000000e-01 8.928571428571428770e-02 2.597402597402597157e-01 1.739130434782608647e-01 4.761904761904761640e-02
7.709923664122136922e-01 6.538461538461538547e-01 4.444444444444444198e-01 0.000000000000000000e+00 0.000000000000000000e+00 0.000000000000000000e+00 0.000000000000000000e+00 0.000000000000000000e+00 0.000000000000000000e+00 0.000000000000000000e+00
7.376237623762376128e-01 4.705882352941176405e-01 2.500000000000000000e-01 0.000000000000000000e+00 1.000000000000000000e+00 0.000000000000000000e+00 0.000000000000000000e+00 0.000000000000000000e+00 0.000000000000000000e+00 0.000000000000000000e+00
7.842105263157894690e-01 6.400000000000000133e-01 1.818181818181818232e-01 0.000000000000000000e+00 1.000000000000000000e+00 0.000000000000000000e+00 0.000000000000000000e+00 0.000000000000000000e+00 0.000000000000000000e+00 0.000000000000000000e+00
9.520000000000000000e+02 9.520000000000000000e+02 9.520000000000000000e+02 9.520000000000000000e+02 9.520000000000000000e+02 9.520000000000000000e+02 9.520000000000000000e+02 9.520000000000000000e+02 9.520000000000000000e+02 9.520000000000000000e+02
7.760000000000000000e+02 7.970000000000000000e+02 7.090000000000000000e+02 8.910000000000000000e+02 8.150000000000000000e+02 1.256000000000000000e+03 1.123000000000000000e+03 8.190000000000000000e+02 1.065000000000000000e+03 1.435000000000000000e+03
7.760000000000000000e+02 5.100000000000000000e+01 1.500000000000000000e+01 0.000000000000000000e+00 1.000000000000000000e+00 0.000000000000000000e+00 0.000000000000000000e+00 0.000000000000000000e+00 0.000000000000000000e+00 0.000000000000000000e+00
7.860000000000000000e+02 8.180000000000000000e+02 7.220000000000000000e+02 9.090000000000000000e+02 8.170000000000000000e+02 1.241000000000000000e+03 1.055000000000000000e+03 7.860000000000000000e+02 1.031000000000000000e+03 1.314000000000000000e+03
7.860000000000000000e+02 5.200000000000000000e+01 1.800000000000000000e+01 0.000000000000000000e+00 1.000000000000000000e+00 0.000000000000000000e+00 0.000000000000000000e+00 0.000000000000000000e+00 0.000000000000000000e+00 0.000000000000000000e+00
0.000000000000000000e+00 2.222222222222222329e-04 4.444444444444444657e-04 6.666666666666667528e-04 8.888888888888889315e-04 1.111111111111111110e-03 1.333333333333333506e-03 1.555555555555555684e-03 1.777777777777777863e-03 2.000000000000000042e-03
