7.319587628865978912e-01 6.357435197817189465e-01 2.405721716514954422e-01 3.618421052631579093e-01 2.991452991452991372e-01 1.628151260504201725e-01 2.424639580602883371e-01 1.281512605042016695e-01 1.250000000000000000e-01 1.176470588235294101e-01
6.778169014084507449e-01 5.171673819742489409e-01 1.027027027027027084e-01 1.854545454545454553e-01 1.666666666666666574e-01 4.516129032258064252e-02 1.405405405405405483e-01 1.065573770491803213e-01 3.361344537815125905e-02 5.357142857142856845e-02
7.534246575342465890e-01 6.945244956772334000e-01 1.979166666666666574e-01 4.322033898305084887e-01 3.723404255319148759e-01 1.250000000000000000e-01 2.921348314606741492e-01 1.780821917808219079e-01 8.510638297872340219e-02 1.071428571428571369e-01
7.319587628865978912e-01 7.106109324758842494e-01 0.000000000000000000e+00 0.000000000000000000e+00 0.000000000000000000e+00 0.000000000000000000e+00 0.000000000000000000e+00 0.000000000000000000e+00 0.000000000000000000e+00 0.000000000000000000e+00
6.778169014084507449e-01 5.520361990950226616e-01 0.000000000000000000e+00 0.000000000000000000e+00 0.000000000000000000e+00 0.000000000000000000e+00 0.000000000000000000e+00 0.000000000000000000e+00 0.000000000000000000e+00 0.000000000000000000e+00
7.534246575342465890e-01 7.218934911242603780e-01 0.000000000000000000e+00 0.000000000000000000e+00 0.000000000000000000e+00 0.000000000000000000e+00 0.000000000000000000e+00 0.000000000000000000e+00 0.000000000000000000e+00 0.000000000000000000e+00
7.709923664122136922e-01 6.323907455012853784e-01 2.500000000000000000e-01 3.496688741721854510e-01 2.978142076502732216e-01 1.596638655462184753e-01 2.236842105263157909e-01 1.218487394957983166e-01 1.113445378151260573e-01 1.071428571428571369e-01
7.376237623762376128e-01 5.528455284552845628e-01 1.218274111675126947e-01 1.856060606060606077e-01 1.605504587155963392e-01 4.605263157894736586e-02 1.470588235294117696e-01 1.379310344827586188e-01 3.773584905660377214e-02 5.882352941176470507e-02
7.842105263157894690e-01 6.974358974358974006e-01 2.399999999999999911e-01 3.769230769230769162e-01 3.365384615384615641e-01 1.272727272727272596e-01 2.808988764044944020e-01 2.285714285714285643e-01 8.163265306122448328e-02 1.090909090909090856e-01
7.709923664122136922e-01 7.381703470031545367e-01 0.000000000000000000e+00 0.000000000000000000e+00 0.000000000000000000e+00 0.000000000000000000e+00 0.000000000000000000e+00 0.000000000000000000e+00 0.000000000000000000e+00 0.000000000000000000e+00
7.376237623762376128e-01 5.982905982905982745e-01 0.000000000000000000e+00 0.000000000000000000e+00 0.000000000000000000e+00 0.000000000000000000e+00 0.000000000000000000e+00 0.000000000000000000e+00 0.000000000000000000e+00 0.000000000000000000e+00
7.842105263157894690e-01 7.526881720430107503e-01 0.000000000000000000e+00 0.000000000000000000e+00 0.000000000000000000e+00 0.000000000000000000e+00 0.000000000000000000e+00 0.000000000000000000e+00 0.000000000000000000e+00 0.000000000000000000e+00
9.520000000000000000e+02 9.520000000000000000e+02 9.520000000000000000e+02 9.520000000000000000e+02 9.520000000000000000e+02 9.520000000000000000e+02 9.520000000000000000e+02 9.520000000000000000e+02 9.520000000000000000e+02 9.520000000000000000e+02
7.760000000000000000e+02 7.330000000000000000e+02 7.690000000000000000e+02 7.600000000000000000e+02 7.020000000000000000e+02 1.175000000000000000e+03 7.630000000000000000e+02 1.221000000000000000e+03 1.352000000000000000e+03 1.430000000000000000e+03
7.760000000000000000e+02 3.110000000000000000e+02 0.000000000000000000e+00 0.000000000000000000e+00 0.000000000000000000e+00 0.000000000000000000e+00 0.000000000000000000e+00 0.000000000000000000e+00 0.000000000000000000e+00 0.000000000000000000e+00
7.860000000000000000e+02 7.780000000000000000e+02 7.880000000000000000e+02 7.550000000000000000e+02 7.320000000000000000e+02 1.125000000000000000e+03 7.600000000000000000e+02 1.191000000000000000e+03 1.279000000000000000e+03 1.351000000000000000e+03
7.860000000000000000e+02 3.170000000000000000e+02 0.000000000000000000e+00 0.000000000000000000e+00 0.000000000000000000e+00 0.000000000000000000e+00 0.000000000000000000e+00 0.000000000000000000e+00 0.000000000000000000e+00 0.000000000000000000e+00
0.000000000000000000e+00 2.222222222222222329e-04 4.444444444444444657e-04 6.666666666666667528e-04 8.888888888888889315e-04 1.111111111111111110e-03 1.333333333333333506e-03 1.555555555555555684e-03 1.777777777777777863e-03 2.000000000000000042e-03
