7.319587628865978912e-01 5.265200517464424523e-01 3.169705469845722212e-01 2.322015334063526892e-01 1.029411764705882304e-01 1.397058823529411797e-01 1.176470588235294101e-01 1.365546218487394825e-01 1.376050420168067334e-01 1.197478991596638703e-01
6.778169014084507449e-01 4.250614250614250800e-01 2.079646017699114946e-01 1.367924528301886766e-01 4.081632653061224164e-02 6.015037593984962072e-02 8.928571428571428770e-02 3.076923076923077094e-02 3.053435114503816675e-02 4.385964912280701511e-02
7.534246575342465890e-01 6.006944444444444198e-01 3.507462686567164312e-01 2.871287128712871062e-01 8.695652173913043237e-02 1.269841269841269771e-01 1.724137931034482873e-01 7.692307692307692735e-02 8.333333333333332871e-02 8.928571428571428770e-02
7.319587628865978912e-01 6.415094339622641195e-01 5.000000000000000000e-01 0.000000000000000000e+00 0.000000000000000000e+00 0.000000000000000000e+00 0.000000000000000000e+00 0.000000000000000000e+00 0.000000000000000000e+00 0.000000000000000000e+00
6.778169014084507449e-01 4.411764705882352811e-01 2.500000000000000000e-01 0.000000000000000000e+00 0.000000000000000000e+00 0.000000000000000000e+00 0.000000000000000000e+00 0.000000000000000000e+00 0.000000000000000000e+00 0.000000000000000000e+00
7.534246575342465890e-01 5.999999999999999778e-01 1.250000000000000000e-01 0.000000000000000000e+00 0.000000000000000000e+00 0.000000000000000000e+00 0.000000000000000000e+00 0.000000000000000000e+00 0.000000000000000000e+00 0.000000000000000000e+00
7.709923664122136922e-01 5.366795366795367173e-01 3.160839160839160611e-01 2.194046306504961463e-01 9.243697478991597105e-02 1.186974789915966333e-01 1.186974789915966333e-01 1.407563025210084029e-01 1.155462184873949638e-01 1.197478991596638703e-01
7.376237623762376128e-01 4.148681055155875042e-01 2.079646017699114946e-01 1.959798994974874253e-01 2.272727272727272790e-02 1.769911504424778736e-02 7.964601769911504314e-02 2.985074626865671585e-02 2.727272727272727140e-02 4.385964912280701511e-02
7.842105263157894690e-01 5.766666666666666607e-01 3.154362416107382439e-01 3.714285714285714413e-01 3.571428571428571230e-02 3.703703703703703498e-02 1.363636363636363535e-01 6.666666666666666574e-02 7.317073170731706877e-02 8.771929824561403022e-02
7.709923664122136922e-01 6.666666666666666297e-01 5.000000000000000000e-01 0.000000000000000000e+00 0.000000000000000000e+00 0.000000000000000000e+00 0.000000000000000000e+00 0.000000000000000000e+00 0.000000000000000000e+00 0.000000000000000000e+00
7.376237623762376128e-01 4.027777777777777901e-01 2.500000000000000000e-01 0.000000000000000000e+00 0.000000000000000000e+00 0.000000000000000000e+00 0.000000000000000000e+00 0.000000000000000000e+00 0.000000000000000000e+00 0.000000000000000000e+00
7.842105263157894690e-01 6.170212765957446832e-01 1.250000000000000000e-01 0.000000000000000000e+00 0.000000000000000000e+00 0.000000000000000000e+00 0.000000000000000000e+00 0.000000000000000000e+00 0.000000000000000000e+00 0.000000000000000000e+00
9.520000000000000000e+02 9.520000000000000000e+02 9.520000000000000000e+02 9.520000000000000000e+02 9.520000000000000000e+02 9.520000000000000000e+02 9.520000000000000000e+02 9.520000000000000000e+02 9.520000000000000000e+02 9.520000000000000000e+02
7.760000000000000000e+02 7.730000000000000000e+02 7.130000000000000000e+02 9.130000000000000000e+02 1.448000000000000000e+03 1.385000000000000000e+03 1.500000000000000000e+03 1.384000000000000000e+03 1.701000000000000000e+03 1.609000000000000000e+03
7.760000000000000000e+02 1.060000000000000000e+02 8.000000000000000000e+00 0.000000000000000000e+00 0.000000000000000000e+00 0.000000000000000000e+00 0.000000000000000000e+00 0.000000000000000000e+00 0.000000000000000000e+00 0.000000000000000000e+00
7.860000000000000000e+02 7.770000000000000000e+02 7.150000000000000000e+02 9.070000000000000000e+02 1.413000000000000000e+03 1.337000000000000000e+03 1.464000000000000000e+03 1.382000000000000000e+03 1.669000000000000000e+03 1.512000000000000000e+03
7.860000000000000000e+02 1.080000000000000000e+02 8.000000000000000000e+00 0.000000000000000000e+00 0.000000000000000000e+00 0.000000000000000000e+00 0.000000000000000000e+00 0.000000000000000000e+00 0.000000000000000000e+00 0.000000000000000000e+00
0.000000000000000000e+00 2.222222222222222329e-04 4.444444444444444657e-04 6.666666666666667528e-04 8.888888888888889315e-04 1.111111111111111110e-03 1.333333333333333506e-03 1.555555555555555684e-03 1.777777777777777863e-03 2.000000000000000042e-03
