7.319587628865978912e-01 5.937904269081500930e-01 1.990231990231990100e-01 3.804945054945054750e-01 1.721572794899043635e-01 1.302521008403361436e-01 2.223451327433628444e-01 1.123949579831932805e-01 1.092436974789915971e-01 1.418067226890756261e-01
6.778169014084507449e-01 4.662309368191721037e-01 1.411042944785275977e-01 2.563176895306858993e-01 1.111111111111111049e-01 4.032258064516128920e-02 1.343283582089552231e-01 3.738317757009345516e-02 3.846153846153846367e-02 2.962962962962963076e-02
7.534246575342465890e-01 6.750788643533123246e-01 2.169811320754717054e-01 4.382716049382716084e-01 2.000000000000000111e-01 1.162790697674418589e-01 3.333333333333333148e-01 9.090909090909091161e-02 1.142857142857142821e-01 8.510638297872340219e-02
7.319587628865978912e-01 7.094972067039105879e-01 0.000000000000000000e+00 3.529411764705882582e-01 0.000000000000000000e+00 0.000000000000000000e+00 0.000000000000000000e+00 0.000000000000000000e+00 0.000000000000000000e+00 0.000000000000000000e+00
6.778169014084507449e-01 5.984251968503937480e-01 1.000000000000000000e+00 3.333333333333333148e-01 0.000000000000000000e+00 0.000000000000000000e+00 0.000000000000000000e+00 0.000000000000000000e+00 0.000000000000000000e+00 0.000000000000000000e+00
7.534246575342465890e-01 6.909090909090909172e-01 1.000000000000000000e+00 2.222222222222222099e-01 0.000000000000000000e+00 0.000000000000000000e+00 0.000000000000000000e+00 0.000000000000000000e+00 0.000000000000000000e+00 0.000000000000000000e+00
7.709923664122136922e-01 6.093552465233881277e-01 2.098914354644149660e-01 3.671052631578947123e-01 1.691176470588235392e-01 1.218487394957983166e-01 2.136258660508083274e-01 1.039915966386554674e-01 9.243697478991597105e-02 1.323529411764705899e-01
7.376237623762376128e-01 4.668049792531120401e-01 1.206896551724137984e-01 2.580645161290322509e-01 1.055900621118012472e-01 4.310344827586207184e-02 1.135135135135135198e-01 2.020202020202020374e-02 3.409090909090908839e-02 3.968253968253968034e-02
7.842105263157894690e-01 6.559766763848396964e-01 1.926605504587156070e-01 3.977900552486187680e-01 2.124999999999999944e-01 9.615384615384615918e-02 2.876712328767123128e-01 5.128205128205128027e-02 7.499999999999999722e-02 1.086956521739130405e-01
7.709923664122136922e-01 7.014925373134328623e-01 0.000000000000000000e+00 3.157894736842105088e-01 0.000000000000000000e+00 0.000000000000000000e+00 0.000000000000000000e+00 0.000000000000000000e+00 0.000000000000000000e+00 0.000000000000000000e+00
7.376237623762376128e-01 6.170212765957446832e-01 1.000000000000000000e+00 3.333333333333333148e-01 0.000000000000000000e+00 0.000000000000000000e+00 0.000000000000000000e+00 0.000000000000000000e+00 0.000000000000000000e+00 0.000000000000000000e+00
7.842105263157894690e-01 7.372881355932203729e-01 1.000000000000000000e+00 2.000000000000000111e-01 0.000000000000000000e+00 0.000000000000000000e+00 0.000000000000000000e+00 0.000000000000000000e+00 0.000000000000000000e+00 0.000000000000000000e+00
9.520000000000000000e+02 9.520000000000000000e+02 9.520000000000000000e+02 9.520000000000000000e+02 9.520000000000000000e+02 9.520000000000000000e+02 9.520000000000000000e+02 9.520000000000000000e+02 9.520000000000000000e+02 9.520000000000000000e+02
7.760000000000000000e+02 7.730000000000000000e+02 8.190000000000000000e+02 7.280000000000000000e+02 9.410000000000000000e+02 1.192000000000000000e+03 9.040000000000000000e+02 1.298000000000000000e+03 2.241000000000000000e+03 1.229000000000000000e+03
7.760000000000000000e+02 1.790000000000000000e+02 1.000000000000000000e+00 1.700000000000000000e+01 0.000000000000000000e+00 0.000000000000000000e+00 0.000000000000000000e+00 0.000000000000000000e+00 0.000000000000000000e+00 0.000000000000000000e+00
7.860000000000000000e+02 7.910000000000000000e+02 8.290000000000000000e+02 7.600000000000000000e+02 9.610000000000000000e+02 1.147000000000000000e+03 8.660000000000000000e+02 1.258000000000000000e+03 2.101000000000000000e+03 1.198000000000000000e+03
7.860000000000000000e+02 2.010000000000000000e+02 1.000000000000000000e+00 1.900000000000000000e+01 0.000000000000000000e+00 0.000000000000000000e+00 0.000000000000000000e+00 0.000000000000000000e+00 0.000000000000000000e+00 0.000000000000000000e+00
0.000000000000000000e+00 2.222222222222222329e-04 4.444444444444444657e-04 6.666666666666667528e-04 8.888888888888889315e-04 1.111111111111111110e-03 1.333333333333333506e-03 1.555555555555555684e-03 1.777777777777777863e-03 2.000000000000000042e-03
