7.319587628865978912e-01 4.657718120805369177e-01 4.532467532467532312e-01 2.596371882086167537e-01 1.313025210084033667e-01 9.453781512605041737e-02 8.928571428571428770e-02 1.365546218487394825e-01 1.144957983193277268e-01 9.873949579831932388e-02
6.778169014084507449e-01 2.910662824207492783e-01 3.667621776504297881e-01 2.096069868995633079e-01 2.400000000000000050e-02 2.222222222222222307e-02 3.529411764705882304e-02 7.692307692307692735e-03 7.339449541284404077e-02 2.127659574468085055e-02
7.534246575342465890e-01 4.633027522935779796e-01 5.541125541125541121e-01 4.485981308411214896e-01 5.660377358490566169e-02 4.878048780487805047e-02 7.692307692307692735e-02 1.851851851851851749e-02 1.632653061224489666e-01 4.878048780487805047e-02
7.319587628865978912e-01 6.410256410256410797e-01 5.294117647058823595e-01 0.000000000000000000e+00 0.000000000000000000e+00 0.000000000000000000e+00 0.000000000000000000e+00 0.000000000000000000e+00 0.000000000000000000e+00 0.000000000000000000e+00
6.778169014084507449e-01 3.200000000000000067e-01 4.444444444444444198e-01 0.000000000000000000e+00 0.000000000000000000e+00 0.000000000000000000e+00 0.000000000000000000e+00 0.000000000000000000e+00 0.000000000000000000e+00 0.000000000000000000e+00
7.534246575342465890e-01 4.444444444444444198e-01 4.444444444444444198e-01 0.000000000000000000e+00 0.000000000000000000e+00 0.000000000000000000e+00 0.000000000000000000e+00 0.000000000000000000e+00 0.000000000000000000e+00 0.000000000000000000e+00
7.709923664122136922e-01 4.731034482758620929e-01 4.745762711864406902e-01 2.638248847926267238e-01 1.218487394957983166e-01 9.558823529411764053e-02 7.878151260504201447e-02 1.176470588235294101e-01 1.092436974789915971e-01 9.558823529411764053e-02
7.376237623762376128e-01 3.206997084548104948e-01 3.708791208791208938e-01 1.746724890829694232e-01 8.620689655172413673e-03 2.197802197802197974e-02 2.666666666666666838e-02 8.928571428571428076e-03 2.884615384615384776e-02 2.197802197802197974e-02
7.842105263157894690e-01 4.680851063829787329e-01 5.378486055776892094e-01 3.669724770642202039e-01 2.564102564102564014e-02 4.255319148936170109e-02 5.405405405405405705e-02 2.325581395348837177e-02 8.108108108108108558e-02 5.263157894736841813e-02
7.709923664122136922e-01 6.250000000000000000e-01 5.454545454545454142e-01 0.000000000000000000e+00 0.000000000000000000e+00 0.000000000000000000e+00 0.000000000000000000e+00 0.000000000000000000e+00 0.000000000000000000e+00 0.000000000000000000e+00
7.376237623762376128e-01 3.599999999999999867e-01 3.888888888888888951e-01 0.000000000000000000e+00 0.000000000000000000e+00 0.000000000000000000e+00 0.000000000000000000e+00 0.000000000000000000e+00 0.000000000000000000e+00 0.000000000000000000e+00
7.842105263157894690e-01 5.000000000000000000e-01 4.117647058823529216e-01 0.000000000000000000e+00 0.000000000000000000e+00 0.000000000000000000e+00 0.000000000000000000e+00 0.000000000000000000e+00 0.000000000000000000e+00 0.000000000000000000e+00
9.520000000000000000e+02 9.520000000000000000e+02 9.520000000000000000e+02 9.520000000000000000e+02 9.520000000000000000e+02 9.520000000000000000e+02 9.520000000000000000e+02 9.520000000000000000e+02 9.520000000000000000e+02 9.520000000000000000e+02
7.760000000000000000e+02 7.450000000000000000e+02 7.700000000000000000e+02 8.820000000000000000e+02 1.153000000000000000e+03 1.294000000000000000e+03 1.664000000000000000e+03 1.350000000000000000e+03 1.610000000000000000e+03 1.656000000000000000e+03
7.760000000000000000e+02 3.900000000000000000e+01 3.400000000000000000e+01 0.000000000000000000e+00 0.000000000000000000e+00 0.000000000000000000e+00 0.000000000000000000e+00 0.000000000000000000e+00 0.000000000000000000e+00 0.000000000000000000e+00
7.860000000000000000e+02 7.250000000000000000e+02 7.670000000000000000e+02 8.680000000000000000e+02 1.078000000000000000e+03 1.279000000000000000e+03 1.561000000000000000e+03 1.279000000000000000e+03 1.512000000000000000e+03 1.577000000000000000e+03
7.860000000000000000e+02 4.000000000000000000e+01 3.300000000000000000e+01 0.000000000000000000e+00 0.000000000000000000e+00 0.000000000000000000e+00 0.000000000000000000e+00 0.000000000000000000e+00 0.000000000000000000e+00 0.000000000000000000e+00
0.000000000000000000e+00 2.222222222222222329e-04 4.444444444444444657e-04 6.666666666666667528e-04 8.888888888888889315e-04 1.111111111111111110e-03 1.333333333333333506e-03 1.555555555555555684e-03 1.777777777777777863e-03 2.000000000000000042e-03
