7.319587628865978912e-01 5.720053835800807951e-01 4.789325842696628976e-01 2.560975609756097615e-01 1.468381564844587484e-01 3.585714285714285965e-01 1.544117647058823595e-01 1.039915966386554674e-01 1.186974789915966333e-01 1.144957983193277268e-01
6.778169014084507449e-01 4.658823529411764697e-01 2.756598240469207983e-01 1.714285714285714302e-01 1.240875912408759135e-01 1.992031872509960055e-01 6.802721088435373896e-03 4.040404040404040747e-02 8.849557522123893682e-03 9.174311926605505096e-03
7.534246575342465890e-01 6.346153846153845812e-01 5.081081081081081363e-01 2.999999999999999889e-01 2.428571428571428548e-01 4.273504273504273310e-01 2.439024390243902524e-02 6.153846153846154188e-02 2.857142857142857054e-02 2.857142857142857054e-02
7.319587628865978912e-01 6.967741935483870996e-01 5.217391304347825942e-01 0.000000000000000000e+00 0.000000000000000000e+00 0.000000000000000000e+00 0.000000000000000000e+00 0.000000000000000000e+00 0.000000000000000000e+00 0.000000000000000000e+00
6.778169014084507449e-01 5.370370370370370905e-01 1.666666666666666574e-01 0.000000000000000000e+00 0.000000000000000000e+00 1.000000000000000000e+00 0.000000000000000000e+00 0.000000000000000000e+00 0.000000000000000000e+00 0.000000000000000000e+00
7.534246575342465890e-01 6.444444444444444864e-01 1.538461538461538547e-01 0.000000000000000000e+00 0.000000000000000000e+00 1.000000000000000000e+00 0.000000000000000000e+00 0.000000000000000000e+00 0.000000000000000000e+00 0.000000000000000000e+00
7.709923664122136922e-01 5.979513444302176906e-01 4.946380697050938302e-01 2.487804878048780477e-01 1.416490486257928061e-01 3.296853625170998447e-01 1.418067226890756261e-01 9.243697478991597105e-02 1.018907563025210072e-01 1.050420168067226906e-01
7.376237623762376128e-01 4.903640256959314603e-01 2.872628726287262957e-01 1.813725490196078372e-01 9.701492537313433084e-02 1.950207468879668060e-01 1.481481481481481538e-02 1.136363636363636395e-02 3.092783505154639290e-02 2.000000000000000042e-02
7.842105263157894690e-01 6.656976744186046124e-01 5.247524752475247745e-01 3.245614035087719396e-01 1.884057971014492794e-01 3.587786259541984601e-01 4.255319148936170109e-02 1.785714285714285615e-02 6.976744186046511531e-02 7.407407407407406996e-02
7.709923664122136922e-01 6.946107784431138077e-01 5.833333333333333703e-01 0.000000000000000000e+00 0.000000000000000000e+00 0.000000000000000000e+00 0.000000000000000000e+00 0.000000000000000000e+00 0.000000000000000000e+00 0.000000000000000000e+00
7.376237623762376128e-01 5.689655172413793371e-01 1.428571428571428492e-01 0.000000000000000000e+00 0.000000000000000000e+00 1.000000000000000000e+00 0.000000000000000000e+00 0.000000000000000000e+00 0.000000000000000000e+00 0.000000000000000000e+00
7.842105263157894690e-01 6.804123711340206437e-01 1.538461538461538547e-01 0.000000000000000000e+00 0.000000000000000000e+00 1.000000000000000000e+00 0.000000000000000000e+00 0.000000000000000000e+00 0.000000000000000000e+00 0.000000000000000000e+00
9.520000000000000000e+02 9.520000000000000000e+02 9.520000000000000000e+02 9.520000000000000000e+02 9.520000000000000000e+02 9.520000000000000000e+02 9.520000000000000000e+02 9.520000000000000000e+02 9.520000000000000000e+02 9.520000000000000000e+02
7.760000000000000000e+02 7.430000000000000000e+02 7.120000000000000000e+02 8.200000000000000000e+02 9.330000000000000000e+02 7.000000000000000000e+02 1.285000000000000000e+03 2.003000000000000000e+03 1.703000000000000000e+03 2.251000000000000000e+03
7.760000000000000000e+02 1.550000000000000000e+02 2.300000000000000000e+01 0.000000000000000000e+00 0.000000000000000000e+00 3.000000000000000000e+00 0.000000000000000000e+00 0.000000000000000000e+00 0.000000000000000000e+00 0.000000000000000000e+00
7.860000000000000000e+02 7.810000000000000000e+02 7.460000000000000000e+02 8.200000000000000000e+02 9.460000000000000000e+02 7.310000000000000000e+02 1.246000000000000000e+03 1.933000000000000000e+03 1.619000000000000000e+03 2.113000000000000000e+03
7.860000000000000000e+02 1.670000000000000000e+02 2.400000000000000000e+01 0.000000000000000000e+00 0.000000000000000000e+00 3.000000000000000000e+00 0.000000000000000000e+00 0.000000000000000000e+00 0.000000000000000000e+00 0.000000000000000000e+00
0.000000000000000000e+00 2.222222222222222329e-04 4.444444444444444657e-04 6.666666666666667528e-04 8.888888888888889315e-04 1.111111111111111110e-03 1.333333333333333506e-03 1.555555555555555684e-03 1.777777777777777863e-03 2.000000000000000042e-03
