7.319587628865978912e-01 5.699208443271768232e-01 2.851511169513797905e-01 2.237136465324384704e-01 2.844950213371266190e-01 1.523109243697478854e-01 1.659663865546218420e-01 9.558823529411764053e-02 8.298319327731092099e-02 1.460084033613445464e-01
6.778169014084507449e-01 4.282407407407407551e-01 1.658986175115207407e-01 1.049999999999999961e-01 1.100000000000000006e-01 7.586206896551724033e-02 5.696202531645569445e-02 4.395604395604395948e-02 3.797468354430379861e-02 7.913669064748200810e-02
7.534246575342465890e-01 5.929487179487179516e-01 3.495145631067961278e-01 2.307692307692307820e-01 2.291666666666666574e-01 1.571428571428571397e-01 1.384615384615384692e-01 8.333333333333332871e-02 6.521739130434782428e-02 2.500000000000000000e-01
7.319587628865978912e-01 6.500000000000000222e-01 0.000000000000000000e+00 0.000000000000000000e+00 0.000000000000000000e+00 0.000000000000000000e+00 0.000000000000000000e+00 0.000000000000000000e+00 0.000000000000000000e+00 0.000000000000000000e+00
6.778169014084507449e-01 5.480769230769231282e-01 0.000000000000000000e+00 0.000000000000000000e+00 1.000000000000000000e+00 0.000000000000000000e+00 0.000000000000000000e+00 0.000000000000000000e+00 0.000000000000000000e+00 0.000000000000000000e+00
7.534246575342465890e-01 5.533980582524271608e-01 0.000000000000000000e+00 0.000000000000000000e+00 1.000000000000000000e+00 0.000000000000000000e+00 0.000000000000000000e+00 0.000000000000000000e+00 0.000000000000000000e+00 0.000000000000000000e+00
7.709923664122136922e-01 5.952380952380952328e-01 2.716688227684346812e-01 2.117516629711751752e-01 2.853067047075606433e-01 1.554621848739495826e-01 1.617647058823529493e-01 1.029411764705882304e-01 7.983193277310923763e-02 1.502100840336134391e-01
7.376237623762376128e-01 4.777777777777778012e-01 1.619047619047619124e-01 1.099476439790575966e-01 1.250000000000000000e-01 8.108108108108108558e-02 3.896103896103896014e-02 3.061224489795918297e-02 5.263157894736841813e-02 4.895104895104895187e-02
7.842105263157894690e-01 6.125356125356125059e-01 3.035714285714285476e-01 2.234042553191489255e-01 2.551020408163265363e-01 1.846153846153846256e-01 9.230769230769231282e-02 6.976744186046511531e-02 8.333333333333332871e-02 1.842105263157894635e-01
7.709923664122136922e-01 6.993464052287581278e-01 0.000000000000000000e+00 0.000000000000000000e+00 0.000000000000000000e+00 0.000000000000000000e+00 0.000000000000000000e+00 0.000000000000000000e+00 0.000000000000000000e+00 0.000000000000000000e+00
7.376237623762376128e-01 6.822429906542055722e-01 0.000000000000000000e+00 0.000000000000000000e+00 1.000000000000000000e+00 0.000000000000000000e+00 0.000000000000000000e+00 0.000000000000000000e+00 0.000000000000000000e+00 0.000000000000000000e+00
7.842105263157894690e-01 6.697247706422018165e-01 0.000000000000000000e+00 0.000000000000000000e+00 1.000000000000000000e+00 0.000000000000000000e+00 0.000000000000000000e+00 0.000000000000000000e+00 0.000000000000000000e+00 0.000000000000000000e+00
9.520000000000000000e+02 9.520000000000000000e+02 9.520000000000000000e+02 9.520000000000000000e+02 9.520000000000000000e+02 9.520000000000000000e+02 9.520000000000000000e+02 9.520000000000000000e+02 9.520000000000000000e+02 9.520000000000000000e+02
7.760000000000000000e+02 7.580000000000000000e+02 7.610000000000000000e+02 8.940000000000000000e+02 7.030000000000000000e+02 1.089000000000000000e+03 1.067000000000000000e+03 1.623000000000000000e+03 1.508000000000000000e+03 1.064000000000000000e+03
7.760000000000000000e+02 1.600000000000000000e+02 0.000000000000000000e+00 0.000000000000000000e+00 1.000000000000000000e+00 0.000000000000000000e+00 0.000000000000000000e+00 0.000000000000000000e+00 0.000000000000000000e+00 0.000000000000000000e+00
7.860000000000000000e+02 7.560000000000000000e+02 7.730000000000000000e+02 9.020000000000000000e+02 7.010000000000000000e+02 1.064000000000000000e+03 1.050000000000000000e+03 1.524000000000000000e+03 1.462000000000000000e+03 1.035000000000000000e+03
7.860000000000000000e+02 1.530000000000000000e+02 0.000000000000000000e+00 0.000000000000000000e+00 1.000000000000000000e+00 0.000000000000000000e+00 0.000000000000000000e+00 0.000000000000000000e+00 0.000000000000000000e+00 0.000000000000000000e+00
0.000000000000000000e+00 2.222222222222222329e-04 4.444444444444444657e-04 6.666666666666667528e-04 8.888888888888889315e-04 1.111111111111111110e-03 1.333333333333333506e-03 1.555555555555555684e-03 1.777777777777777863e-03 2.000000000000000042e-03
