7.319587628865978912e-01 4.783163265306122347e-01 2.246913580246913678e-01 3.622250970245795565e-01 1.313025210084033667e-01 1.144957983193277268e-01 1.439075630252100724e-01 1.008403361344537841e-01 1.344537815126050362e-01 7.773109243697479132e-02
6.778169014084507449e-01 3.413333333333333219e-01 1.538461538461538547e-01 2.357142857142857095e-01 1.600000000000000033e-02 1.100917431192660612e-01 4.379562043795620641e-02 1.041666666666666609e-02 2.343750000000000000e-02 1.351351351351351426e-02
7.534246575342465890e-01 5.099601593625497920e-01 2.916666666666666852e-01 4.459459459459459429e-01 3.333333333333333287e-02 1.714285714285714302e-01 1.034482758620689641e-01 2.380952380952380820e-02 8.108108108108108558e-02 3.030303030303030387e-02
7.319587628865978912e-01 6.363636363636363535e-01 0.000000000000000000e+00 1.000000000000000000e+00 0.000000000000000000e+00 0.000000000000000000e+00 0.000000000000000000e+00 0.000000000000000000e+00 0.000000000000000000e+00 0.000000000000000000e+00
6.778169014084507449e-01 4.285714285714285476e-01 0.000000000000000000e+00 1.000000000000000000e+00 0.000000000000000000e+00 0.000000000000000000e+00 0.000000000000000000e+00 0.000000000000000000e+00 0.000000000000000000e+00 0.000000000000000000e+00
7.534246575342465890e-01 4.687500000000000000e-01 0.000000000000000000e+00 1.000000000000000000e+00 0.000000000000000000e+00 0.000000000000000000e+00 0.000000000000000000e+00 0.000000000000000000e+00 0.000000000000000000e+00 0.000000000000000000e+00
7.709923664122136922e-01 4.848866498740554420e-01 2.231604342581423317e-01 3.649538866930171488e-01 1.376050420168067334e-01 1.202531645569620278e-01 1.302521008403361436e-01 9.243697478991597105e-02 1.260504201680672232e-01 7.563025210084033112e-02
7.376237623762376128e-01 3.376623376623376638e-01 1.351351351351351426e-01 2.238267148014440322e-01 3.053435114503816675e-02 1.228070175438596423e-01 3.225806451612903136e-02 1.136363636363636395e-02 2.500000000000000139e-02 1.388888888888888812e-02
7.842105263157894690e-01 5.220883534136546711e-01 2.450980392156862642e-01 4.366197183098591283e-01 6.153846153846154188e-02 1.818181818181818232e-01 5.633802816901408578e-02 2.631578947368420907e-02 6.976744186046511531e-02 2.702702702702702853e-02
7.709923664122136922e-01 6.727272727272727293e-01 0.000000000000000000e+00 1.000000000000000000e+00 0.000000000000000000e+00 0.000000000000000000e+00 0.000000000000000000e+00 0.000000000000000000e+00 0.000000000000000000e+00 0.000000000000000000e+00
7.376237623762376128e-01 5.405405405405405705e-01 0.000000000000000000e+00 1.000000000000000000e+00 0.000000000000000000e+00 0.000000000000000000e+00 0.000000000000000000e+00 0.000000000000000000e+00 0.000000000000000000e+00 0.000000000000000000e+00
7.842105263157894690e-01 6.896551724137931494e-01 0.000000000000000000e+00 1.000000000000000000e+00 0.000000000000000000e+00 0.000000000000000000e+00 0.000000000000000000e+00 0.000000000000000000e+00 0.000000000000000000e+00 0.000000000000000000e+00
9.520000000000000000e+02 9.520000000000000000e+02 9.520000000000000000e+02 9.520000000000000000e+02 9.520000000000000000e+02 9.520000000000000000e+02 9.520000000000000000e+02 9.520000000000000000e+02 9.520000000000000000e+02 9.520000000000000000e+02
7.760000000000000000e+02 7.840000000000000000e+02 8.100000000000000000e+02 7.730000000000000000e+02 1.292000000000000000e+03 9.660000000000000000e+02 1.086000000000000000e+03 2.169000000000000000e+03 1.354000000000000000e+03 2.511000000000000000e+03
7.760000000000000000e+02 5.500000000000000000e+01 0.000000000000000000e+00 1.000000000000000000e+00 0.000000000000000000e+00 0.000000000000000000e+00 0.000000000000000000e+00 0.000000000000000000e+00 0.000000000000000000e+00 0.000000000000000000e+00
7.860000000000000000e+02 7.940000000000000000e+02 8.290000000000000000e+02 7.590000000000000000e+02 1.277000000000000000e+03 9.480000000000000000e+02 1.081000000000000000e+03 2.037000000000000000e+03 1.313000000000000000e+03 2.342000000000000000e+03
7.860000000000000000e+02 5.500000000000000000e+01 0.000000000000000000e+00 1.000000000000000000e+00 0.000000000000000000e+00 0.000000000000000000e+00 0.000000000000000000e+00 0.000000000000000000e+00 0.000000000000000000e+00 0.000000000000000000e+00
0.000000000000000000e+00 2.222222222222222329e-04 4.444444444444444657e-04 6.666666666666667528e-04 8.888888888888889315e-04 1.111111111111111110e-03 1.333333333333333506e-03 1.555555555555555684e-03 1.777777777777777863e-03 2.000000000000000042e-03
