7.319587628865978912e-01 6.023778071334213724e-01 4.204244031830238759e-01 1.765375854214122908e-01 1.018907563025210072e-01 1.260504201680672232e-01 1.218487394957983166e-01 1.123949579831932805e-01 8.823529411764706454e-02 1.134453781512605036e-01
6.778169014084507449e-01 6.030701754385965341e-01 2.208201892744479367e-01 9.677419354838709409e-02 2.061855670103092744e-02 5.000000000000000278e-02 8.620689655172413673e-03 3.738317757009345516e-02 3.571428571428571230e-02 7.407407407407406996e-02
7.534246575342465890e-01 6.806930693069307425e-01 4.242424242424242542e-01 1.562500000000000000e-01 4.081632653061224164e-02 1.111111111111111049e-01 1.851851851851851749e-02 8.163265306122448328e-02 8.571428571428571508e-02 2.051282051282051211e-01
7.319587628865978912e-01 6.736401673640167731e-01 0.000000000000000000e+00 0.000000000000000000e+00 0.000000000000000000e+00 0.000000000000000000e+00 0.000000000000000000e+00 0.000000000000000000e+00 0.000000000000000000e+00 0.000000000000000000e+00
6.778169014084507449e-01 6.149068322981366963e-01 0.000000000000000000e+00 0.000000000000000000e+00 0.000000000000000000e+00 0.000000000000000000e+00 0.000000000000000000e+00 0.000000000000000000e+00 0.000000000000000000e+00 0.000000000000000000e+00
7.534246575342465890e-01 6.622073578595317755e-01 0.000000000000000000e+00 0.000000000000000000e+00 0.000000000000000000e+00 0.000000000000000000e+00 0.000000000000000000e+00 0.000000000000000000e+00 0.000000000000000000e+00 0.000000000000000000e+00
7.709923664122136922e-01 6.356783919597990273e-01 4.289544235924933058e-01 1.674107142857142738e-01 8.718487394957982750e-02 1.292016806722689204e-01 1.176470588235294101e-01 1.071428571428571369e-01 8.823529411764706454e-02 1.039915966386554674e-01
7.376237623762376128e-01 5.968379446640316166e-01 2.437499999999999944e-01 5.999999999999999778e-02 2.409638554216867595e-02 8.130081300813007950e-02 1.785714285714285615e-02 4.901960784313725422e-02 3.571428571428571230e-02 8.080808080808081495e-02
7.842105263157894690e-01 6.910755148741418719e-01 4.406779661016949068e-01 1.034482758620689641e-01 4.347826086956521618e-02 1.694915254237288060e-01 4.651162790697674354e-02 1.111111111111111049e-01 7.894736842105262720e-02 1.904761904761904656e-01
7.709923664122136922e-01 7.039215686274510331e-01 0.000000000000000000e+00 0.000000000000000000e+00 0.000000000000000000e+00 0.000000000000000000e+00 0.000000000000000000e+00 0.000000000000000000e+00 0.000000000000000000e+00 0.000000000000000000e+00
7.376237623762376128e-01 6.350974930362116577e-01 1.000000000000000000e+00 0.000000000000000000e+00 0.000000000000000000e+00 0.000000000000000000e+00 0.000000000000000000e+00 0.000000000000000000e+00 0.000000000000000000e+00 0.000000000000000000e+00
7.842105263157894690e-01 6.972477064220183873e-01 1.000000000000000000e+00 0.000000000000000000e+00 0.000000000000000000e+00 0.000000000000000000e+00 0.000000000000000000e+00 0.000000000000000000e+00 0.000000000000000000e+00 0.000000000000000000e+00
9.520000000000000000e+02 9.520000000000000000e+02 9.520000000000000000e+02 9.520000000000000000e+02 9.520000000000000000e+02 9.520000000000000000e+02 9.520000000000000000e+02 9.520000000000000000e+02 9.520000000000000000e+02 9.520000000000000000e+02
7.760000000000000000e+02 7.570000000000000000e+02 7.540000000000000000e+02 8.780000000000000000e+02 1.382000000000000000e+03 1.192000000000000000e+03 1.357000000000000000e+03 1.525000000000000000e+03 2.198000000000000000e+03 1.561000000000000000e+03
7.760000000000000000e+02 4.780000000000000000e+02 0.000000000000000000e+00 0.000000000000000000e+00 0.000000000000000000e+00 0.000000000000000000e+00 0.000000000000000000e+00 0.000000000000000000e+00 0.000000000000000000e+00 0.000000000000000000e+00
7.860000000000000000e+02 7.960000000000000000e+02 7.460000000000000000e+02 8.960000000000000000e+02 1.369000000000000000e+03 1.155000000000000000e+03 1.299000000000000000e+03 1.424000000000000000e+03 2.078000000000000000e+03 1.467000000000000000e+03
7.860000000000000000e+02 5.100000000000000000e+02 1.000000000000000000e+00 0.000000000000000000e+00 0.000000000000000000e+00 0.000000000000000000e+00 0.000000000000000000e+00 0.000000000000000000e+00 0.000000000000000000e+00 0.000000000000000000e+00
0.000000000000000000e+00 2.222222222222222329e-04 4.444444444444444657e-04 6.666666666666667528e-04 8.888888888888889315e-04 1.111111111111111110e-03 1.333333333333333506e-03 1.555555555555555684e-03 1.777777777777777863e-03 2.000000000000000042e-03
