7.319587628865978912e-01 4.801641586867305134e-01 3.109354413702239972e-01 3.729729729729729937e-01 1.733193277310924318e-01 1.165966386554621870e-01 1.418067226890756261e-01 8.928571428571428770e-02 1.060924369747899138e-01 1.207983193277310935e-01
6.778169014084507449e-01 3.304843304843304574e-01 1.313559322033898413e-01 2.355072463768115854e-01 1.030303030303030276e-01 1.801801801801801786e-02 7.407407407407406996e-02 9.411764705882352811e-02 4.950495049504950729e-02 8.695652173913043584e-03
7.534246575342465890e-01 5.178571428571429047e-01 2.818181818181818010e-01 4.193548387096774355e-01 2.463768115942029102e-01 4.081632653061224164e-02 1.851851851851851749e-01 1.290322580645161255e-01 9.433962264150944077e-02 3.846153846153846367e-02
7.319587628865978912e-01 6.500000000000000222e-01 0.000000000000000000e+00 4.615384615384615641e-01 0.000000000000000000e+00 0.000000000000000000e+00 0.000000000000000000e+00 0.000000000000000000e+00 0.000000000000000000e+00 0.000000000000000000e+00
6.778169014084507449e-01 3.846153846153846367e-01 0.000000000000000000e+00 3.333333333333333148e-01 0.000000000000000000e+00 0.000000000000000000e+00 0.000000000000000000e+00 0.000000000000000000e+00 0.000000000000000000e+00 0.000000000000000000e+00
7.534246575342465890e-01 5.128205128205127750e-01 0.000000000000000000e+00 3.333333333333333148e-01 0.000000000000000000e+00 0.000000000000000000e+00 0.000000000000000000e+00 0.000000000000000000e+00 0.000000000000000000e+00 0.000000000000000000e+00
7.709923664122136922e-01 5.013192612137202797e-01 3.006451612903225934e-01 3.962008141112618453e-01 1.649159663865546188e-01 1.165966386554621870e-01 1.228991596638655398e-01 9.558823529411764053e-02 9.768907563025210072e-02 1.134453781512605036e-01
7.376237623762376128e-01 3.236842105263157965e-01 1.330472103004291806e-01 2.328767123287671104e-01 7.643312101910827716e-02 1.801801801801801786e-02 6.837606837606838295e-02 8.791208791208791895e-02 4.301075268817204644e-02 9.259259259259258745e-03
7.842105263157894690e-01 5.347826086956521952e-01 2.743362831858406903e-01 4.197530864197530631e-01 1.600000000000000033e-01 3.773584905660377214e-02 1.481481481481481399e-01 1.379310344827586188e-01 7.017543859649122417e-02 4.545454545454545581e-02
7.709923664122136922e-01 6.624999999999999778e-01 0.000000000000000000e+00 5.833333333333333703e-01 0.000000000000000000e+00 0.000000000000000000e+00 0.000000000000000000e+00 0.000000000000000000e+00 0.000000000000000000e+00 0.000000000000000000e+00
7.376237623762376128e-01 4.528301886792452935e-01 0.000000000000000000e+00 4.285714285714285476e-01 0.000000000000000000e+00 0.000000000000000000e+00 0.000000000000000000e+00 0.000000000000000000e+00 0.000000000000000000e+00 0.000000000000000000e+00
7.842105263157894690e-01 5.581395348837209225e-01 0.000000000000000000e+00 4.285714285714285476e-01 0.000000000000000000e+00 0.000000000000000000e+00 0.000000000000000000e+00 0.000000000000000000e+00 0.000000000000000000e+00 0.000000000000000000e+00
9.520000000000000000e+02 9.520000000000000000e+02 9.520000000000000000e+02 9.520000000000000000e+02 9.520000000000000000e+02 9.520000000000000000e+02 9.520000000000000000e+02 9.520000000000000000e+02 9.520000000000000000e+02 9.520000000000000000e+02
7.760000000000000000e+02 7.310000000000000000e+02 7.590000000000000000e+02 7.400000000000000000e+02 1.018000000000000000e+03 1.180000000000000000e+03 1.139000000000000000e+03 1.503000000000000000e+03 1.189000000000000000e+03 1.769000000000000000e+03
7.760000000000000000e+02 8.000000000000000000e+01 0.000000000000000000e+00 1.300000000000000000e+01 0.000000000000000000e+00 0.000000000000000000e+00 0.000000000000000000e+00 0.000000000000000000e+00 0.000000000000000000e+00 0.000000000000000000e+00
7.860000000000000000e+02 7.580000000000000000e+02 7.750000000000000000e+02 7.370000000000000000e+02 1.004000000000000000e+03 1.171000000000000000e+03 1.117000000000000000e+03 1.414000000000000000e+03 1.145000000000000000e+03 1.664000000000000000e+03
7.860000000000000000e+02 8.000000000000000000e+01 0.000000000000000000e+00 1.200000000000000000e+01 0.000000000000000000e+00 0.000000000000000000e+00 0.000000000000000000e+00 0.000000000000000000e+00 0.000000000000000000e+00 0.000000000000000000e+00
0.000000000000000000e+00 2.222222222222222329e-04 4.444444444444444657e-04 6.666666666666667528e-04 8.888888888888889315e-04 1.111111111111111110e-03 1.333333333333333506e-03 1.555555555555555684e-03 1.777777777777777863e-03 2.000000000000000042e-03
