7.319587628865978912e-01 6.820580474934037074e-01 4.572649572649572502e-01 3.010752688172043112e-01 1.743697478991596550e-01 2.321428571428571508e-01 1.239495798319327768e-01 1.039915966386554674e-01 1.281512605042016695e-01 1.575630252100840289e-01
6.778169014084507449e-01 5.744680851063830307e-01 2.834890965732086987e-01 1.517857142857142738e-01 7.228915662650602092e-02 7.692307692307692735e-02 8.474576271186440302e-02 4.040404040404040747e-02 4.918032786885245811e-02 1.266666666666666774e-01
7.534246575342465890e-01 7.333333333333332815e-01 5.083798882681563880e-01 3.119266055045871733e-01 1.411764705882352922e-01 2.394366197183098455e-01 1.639344262295081844e-01 1.025641025641025605e-01 1.111111111111111049e-01 2.435897435897435848e-01
7.319587628865978912e-01 7.282415630550621577e-01 6.774193548387096309e-01 0.000000000000000000e+00 0.000000000000000000e+00 0.000000000000000000e+00 0.000000000000000000e+00 0.000000000000000000e+00 0.000000000000000000e+00 0.000000000000000000e+00
6.778169014084507449e-01 6.024390243902438824e-01 2.380952380952380820e-01 0.000000000000000000e+00 0.000000000000000000e+00 0.000000000000000000e+00 0.000000000000000000e+00 0.000000000000000000e+00 0.000000000000000000e+00 0.000000000000000000e+00
7.534246575342465890e-01 7.307692307692307265e-01 2.631578947368420907e-01 0.000000000000000000e+00 0.000000000000000000e+00 0.000000000000000000e+00 0.000000000000000000e+00 0.000000000000000000e+00 0.000000000000000000e+00 0.000000000000000000e+00
7.709923664122136922e-01 6.814268142681426665e-01 4.483221476510066972e-01 2.872628726287262957e-01 1.575630252100840289e-01 2.415966386554621870e-01 1.186974789915966333e-01 9.243697478991597105e-02 1.102941176470588203e-01 1.491596638655462159e-01
7.376237623762376128e-01 6.028880866425992968e-01 2.784431137724550642e-01 1.462264150943396179e-01 1.066666666666666735e-01 8.260869565217390798e-02 4.424778761061946841e-02 3.409090909090908839e-02 9.523809523809523281e-02 1.197183098591549227e-01
7.842105263157894690e-01 7.324561403508771384e-01 4.744897959183673741e-01 3.009708737864077444e-01 1.860465116279069742e-01 2.435897435897435848e-01 1.041666666666666713e-01 8.333333333333332871e-02 1.923076923076923184e-01 2.236842105263157909e-01
7.709923664122136922e-01 7.152317880794701876e-01 7.096774193548387455e-01 0.000000000000000000e+00 0.000000000000000000e+00 0.000000000000000000e+00 0.000000000000000000e+00 0.000000000000000000e+00 0.000000000000000000e+00 0.000000000000000000e+00
7.376237623762376128e-01 6.458333333333333703e-01 2.727272727272727071e-01 0.000000000000000000e+00 0.000000000000000000e+00 0.000000000000000000e+00 0.000000000000000000e+00 0.000000000000000000e+00 0.000000000000000000e+00 0.000000000000000000e+00
7.842105263157894690e-01 7.322834645669291653e-01 3.157894736842105088e-01 0.000000000000000000e+00 0.000000000000000000e+00 0.000000000000000000e+00 0.000000000000000000e+00 0.000000000000000000e+00 0.000000000000000000e+00 0.000000000000000000e+00
9.520000000000000000e+02 9.520000000000000000e+02 9.520000000000000000e+02 9.520000000000000000e+02 9.520000000000000000e+02 9.520000000000000000e+02 9.520000000000000000e+02 9.520000000000000000e+02 9.520000000000000000e+02 9.520000000000000000e+02
7.760000000000000000e+02 7.580000000000000000e+02 7.020000000000000000e+02 7.440000000000000000e+02 9.710000000000000000e+02 1.002000000000000000e+03 1.284000000000000000e+03 1.449000000000000000e+03 1.550000000000000000e+03 1.030000000000000000e+03
7.760000000000000000e+02 5.630000000000000000e+02 3.100000000000000000e+01 0.000000000000000000e+00 0.000000000000000000e+00 0.000000000000000000e+00 0.000000000000000000e+00 0.000000000000000000e+00 0.000000000000000000e+00 0.000000000000000000e+00
7.860000000000000000e+02 8.130000000000000000e+02 7.450000000000000000e+02 7.380000000000000000e+02 9.590000000000000000e+02 9.840000000000000000e+02 1.258000000000000000e+03 1.377000000000000000e+03 1.399000000000000000e+03 9.610000000000000000e+02
7.860000000000000000e+02 6.040000000000000000e+02 3.100000000000000000e+01 0.000000000000000000e+00 0.000000000000000000e+00 0.000000000000000000e+00 0.000000000000000000e+00 0.000000000000000000e+00 0.000000000000000000e+00 0.000000000000000000e+00
0.000000000000000000e+00 2.222222222222222329e-04 4.444444444444444657e-04 6.666666666666667528e-04 8.888888888888889315e-04 1.111111111111111110e-03 1.333333333333333506e-03 1.555555555555555684e-03 1.777777777777777863e-03 2.000000000000000042e-03
