7.319587628865978912e-01 5.764248704663212930e-01 2.747688243064729252e-01 2.458386683738796319e-01 1.008403361344537841e-01 2.022058823529411797e-01 1.155462184873949638e-01 1.281512605042016695e-01 1.134453781512605036e-01 1.439075630252100724e-01
6.778169014084507449e-01 4.808988764044943576e-01 1.682692307692307820e-01 1.250000000000000000e-01 4.166666666666666435e-02 1.696969696969697072e-01 9.090909090909090468e-03 3.278688524590164105e-02 4.629629629629629373e-02 8.029197080291970712e-02
7.534246575342465890e-01 6.524390243902439268e-01 3.043478260869565410e-01 2.926829268292682751e-01 7.692307692307692735e-02 3.333333333333333148e-01 2.777777777777777624e-02 9.302325581395348708e-02 1.219512195121951192e-01 2.558139534883721034e-01
7.319587628865978912e-01 6.791044776119402604e-01 0.000000000000000000e+00 0.000000000000000000e+00 0.000000000000000000e+00 0.000000000000000000e+00 0.000000000000000000e+00 0.000000000000000000e+00 0.000000000000000000e+00 0.000000000000000000e+00
6.778169014084507449e-01 5.604395604395604469e-01 1.000000000000000000e+00 0.000000000000000000e+00 0.000000000000000000e+00 0.000000000000000000e+00 0.000000000000000000e+00 0.000000000000000000e+00 0.000000000000000000e+00 0.000000000000000000e+00
7.534246575342465890e-01 6.754966887417218624e-01 1.000000000000000000e+00 0.000000000000000000e+00 0.000000000000000000e+00 0.000000000000000000e+00 0.000000000000000000e+00 0.000000000000000000e+00 0.000000000000000000e+00 0.000000000000000000e+00
7.709923664122136922e-01 5.985576923076922906e-01 2.605820105820105814e-01 2.443037974683544278e-01 1.018907563025210072e-01 1.841109709962168994e-01 9.873949579831932388e-02 1.186974789915966333e-01 1.081932773109243739e-01 1.323529411764705899e-01
7.376237623762376128e-01 5.040160642570281624e-01 1.675126903553299518e-01 1.139896373056994844e-01 7.216494845360824084e-02 1.780821917808219079e-01 1.063829787234042527e-02 2.654867256637168105e-02 1.941747572815533812e-02 7.936507936507936067e-02
7.842105263157894690e-01 6.765498652291105364e-01 2.946428571428571508e-01 2.619047619047619180e-01 1.186440677966101725e-01 2.888888888888888618e-01 2.325581395348837177e-02 5.882352941176470507e-02 4.878048780487805047e-02 2.127659574468085124e-01
7.709923664122136922e-01 6.989966555183946273e-01 0.000000000000000000e+00 0.000000000000000000e+00 0.000000000000000000e+00 0.000000000000000000e+00 0.000000000000000000e+00 0.000000000000000000e+00 0.000000000000000000e+00 0.000000000000000000e+00
7.376237623762376128e-01 5.789473684210526550e-01 1.000000000000000000e+00 0.000000000000000000e+00 0.000000000000000000e+00 0.000000000000000000e+00 0.000000000000000000e+00 0.000000000000000000e+00 0.000000000000000000e+00 0.000000000000000000e+00
7.842105263157894690e-01 7.159763313609467383e-01 1.000000000000000000e+00 0.000000000000000000e+00 0.000000000000000000e+00 0.000000000000000000e+00 0.000000000000000000e+00 0.000000000000000000e+00 0.000000000000000000e+00 0.000000000000000000e+00
9.520000000000000000e+02 9.520000000000000000e+02 9.520000000000000000e+02 9.520000000000000000e+02 9.520000000000000000e+02 9.520000000000000000e+02 9.520000000000000000e+02 9.520000000000000000e+02 9.520000000000000000e+02 9.520000000000000000e+02
7.760000000000000000e+02 7.720000000000000000e+02 7.570000000000000000e+02 7.810000000000000000e+02 1.227000000000000000e+03 8.160000000000000000e+02 1.395000000000000000e+03 1.500000000000000000e+03 1.527000000000000000e+03 1.040000000000000000e+03
7.760000000000000000e+02 2.680000000000000000e+02 1.000000000000000000e+00 0.000000000000000000e+00 0.000000000000000000e+00 0.000000000000000000e+00 0.000000000000000000e+00 0.000000000000000000e+00 0.000000000000000000e+00 0.000000000000000000e+00
7.860000000000000000e+02 8.320000000000000000e+02 7.560000000000000000e+02 7.900000000000000000e+02 1.187000000000000000e+03 7.930000000000000000e+02 1.355000000000000000e+03 1.426000000000000000e+03 1.516000000000000000e+03 9.850000000000000000e+02
7.860000000000000000e+02 2.990000000000000000e+02 2.000000000000000000e+00 0.000000000000000000e+00 0.000000000000000000e+00 0.000000000000000000e+00 0.000000000000000000e+00 0.000000000000000000e+00 0.000000000000000000e+00 0.000000000000000000e+00
0.000000000000000000e+00 2.222222222222222329e-04 4.444444444444444657e-04 6.666666666666667528e-04 8.888888888888889315e-04 1.111111111111111110e-03 1.333333333333333506e-03 1.555555555555555684e-03 1.777777777777777863e-03 2.000000000000000042e-03
