7.319587628865978912e-01 5.418848167539267457e-01 4.356568364611260180e-01 2.335526315789473728e-01 1.859243697478991653e-01 1.008403361344537841e-01 1.134453781512605036e-01 1.512605042016806622e-01 9.033613445378151086e-02 1.207983193277310935e-01
6.778169014084507449e-01 4.299516908212560606e-01 2.338461538461538425e-01 1.314553990610328738e-01 7.344632768361582242e-02 5.208333333333333565e-02 9.259259259259258745e-03 1.111111111111111049e-01 1.162790697674418589e-02 3.478260869565217434e-02
7.534246575342465890e-01 6.202090592334494890e-01 4.367816091954023205e-01 2.800000000000000266e-01 2.031250000000000000e-01 9.090909090909091161e-02 2.857142857142857054e-02 2.424242424242424310e-01 3.448275862068965469e-02 5.714285714285714107e-02
7.319587628865978912e-01 6.748466257668711554e-01 0.000000000000000000e+00 0.000000000000000000e+00 0.000000000000000000e+00 0.000000000000000000e+00 0.000000000000000000e+00 0.000000000000000000e+00 0.000000000000000000e+00 0.000000000000000000e+00
6.778169014084507449e-01 5.363636363636363757e-01 0.000000000000000000e+00 0.000000000000000000e+00 0.000000000000000000e+00 0.000000000000000000e+00 0.000000000000000000e+00 0.000000000000000000e+00 0.000000000000000000e+00 0.000000000000000000e+00
7.534246575342465890e-01 6.629213483146066954e-01 0.000000000000000000e+00 0.000000000000000000e+00 0.000000000000000000e+00 0.000000000000000000e+00 0.000000000000000000e+00 0.000000000000000000e+00 0.000000000000000000e+00 0.000000000000000000e+00
7.709923664122136922e-01 5.355805243445692643e-01 4.363395225464191118e-01 2.215973003374578087e-01 1.796218487394957986e-01 9.033613445378151086e-02 9.768907563025210072e-02 1.470588235294117696e-01 8.928571428571428770e-02 1.102941176470588203e-01
7.376237623762376128e-01 4.032634032634032639e-01 2.401215805471124676e-01 1.370558375634517712e-01 5.847953216374268681e-02 2.325581395348837177e-02 1.075268817204301161e-02 1.214285714285714274e-01 1.176470588235294101e-02 4.761904761904761640e-02
7.842105263157894690e-01 5.616883116883116811e-01 4.438202247191010974e-01 2.700000000000000178e-01 1.666666666666666574e-01 4.255319148936170109e-02 2.631578947368420907e-02 2.537313432835821003e-01 2.857142857142857054e-02 7.936507936507936067e-02
7.709923664122136922e-01 6.744186046511627675e-01 0.000000000000000000e+00 0.000000000000000000e+00 0.000000000000000000e+00 0.000000000000000000e+00 0.000000000000000000e+00 0.000000000000000000e+00 0.000000000000000000e+00 0.000000000000000000e+00
7.376237623762376128e-01 4.224137931034482873e-01 0.000000000000000000e+00 0.000000000000000000e+00 0.000000000000000000e+00 0.000000000000000000e+00 0.000000000000000000e+00 0.000000000000000000e+00 0.000000000000000000e+00 0.000000000000000000e+00
7.842105263157894690e-01 5.157894736842105754e-01 0.000000000000000000e+00 0.000000000000000000e+00 0.000000000000000000e+00 0.000000000000000000e+00 0.000000000000000000e+00 0.000000000000000000e+00 0.000000000000000000e+00 0.000000000000000000e+00
9.520000000000000000e+02 9.520000000000000000e+02 9.520000000000000000e+02 9.520000000000000000e+02 9.520000000000000000e+02 9.520000000000000000e+02 9.520000000000000000e+02 9.520000000000000000e+02 9.520000000000000000e+02 9.520000000000000000e+02
7.760000000000000000e+02 7.640000000000000000e+02 7.460000000000000000e+02 9.120000000000000000e+02 1.129000000000000000e+03 1.391000000000000000e+03 1.749000000000000000e+03 1.026000000000000000e+03 1.480000000000000000e+03 1.778000000000000000e+03
7.760000000000000000e+02 1.630000000000000000e+02 0.000000000000000000e+00 0.000000000000000000e+00 0.000000000000000000e+00 0.000000000000000000e+00 0.000000000000000000e+00 0.000000000000000000e+00 0.000000000000000000e+00 0.000000000000000000e+00
7.860000000000000000e+02 8.010000000000000000e+02 7.540000000000000000e+02 8.890000000000000000e+02 1.114000000000000000e+03 1.294000000000000000e+03 1.655000000000000000e+03 1.010000000000000000e+03 1.413000000000000000e+03 1.654000000000000000e+03
7.860000000000000000e+02 1.720000000000000000e+02 0.000000000000000000e+00 0.000000000000000000e+00 0.000000000000000000e+00 0.000000000000000000e+00 0.000000000000000000e+00 0.000000000000000000e+00 0.000000000000000000e+00 0.000000000000000000e+00
0.000000000000000000e+00 2.222222222222222329e-04 4.444444444444444657e-04 6.666666666666667528e-04 8.888888888888889315e-04 1.111111111111111110e-03 1.333333333333333506e-03 1.555555555555555684e-03 1.777777777777777863e-03 2.000000000000000042e-03
