7.319587628865978912e-01 5.953002610966057206e-01 3.594351732991014070e-01 4.440000000000000058e-01 1.397058823529411797e-01 1.796218487394957986e-01 1.512605042016806622e-01 1.039915966386554674e-01 1.260504201680672232e-01 1.029411764705882304e-01
6.778169014084507449e-01 4.013157894736842368e-01 2.107142857142857151e-01 2.612612612612612573e-01 2.255639097744360777e-02 7.017543859649122417e-02 8.333333333333332871e-02 2.020202020202020374e-02 8.333333333333333218e-03 1.020408163265306041e-02
7.534246575342465890e-01 6.288659793814432852e-01 3.314606741573033477e-01 5.918367346938775420e-01 6.382978723404254817e-02 1.714285714285714302e-01 1.935483870967741882e-01 6.250000000000000000e-02 2.777777777777777624e-02 3.448275862068965469e-02
7.319587628865978912e-01 7.096774193548387455e-01 3.333333333333333148e-01 0.000000000000000000e+00 0.000000000000000000e+00 0.000000000000000000e+00 0.000000000000000000e+00 0.000000000000000000e+00 0.000000000000000000e+00 0.000000000000000000e+00
6.778169014084507449e-01 5.000000000000000000e-01 6.666666666666666297e-01 0.000000000000000000e+00 0.000000000000000000e+00 0.000000000000000000e+00 0.000000000000000000e+00 0.000000000000000000e+00 0.000000000000000000e+00 0.000000000000000000e+00
7.534246575342465890e-01 6.043956043956043578e-01 2.857142857142856984e-01 0.000000000000000000e+00 0.000000000000000000e+00 0.000000000000000000e+00 0.000000000000000000e+00 0.000000000000000000e+00 0.000000000000000000e+00 0.000000000000000000e+00
7.709923664122136922e-01 6.106965174129352913e-01 3.894736842105263053e-01 4.746666666666666812e-01 1.365546218487394825e-01 1.922268907563025320e-01 1.553610503282275845e-01 8.508403361344538118e-02 1.081932773109243739e-01 8.928571428571428770e-02
7.376237623762376128e-01 4.073319755600814940e-01 2.466216216216216284e-01 2.808988764044944020e-01 3.846153846153846367e-02 7.103825136612021418e-02 8.450704225352112520e-02 3.703703703703703498e-02 1.941747572815533812e-02 1.176470588235294101e-02
7.842105263157894690e-01 6.349206349206348854e-01 4.219653179190751557e-01 5.434782608695651884e-01 1.000000000000000056e-01 1.857142857142857206e-01 1.791044776119402882e-01 8.333333333333332871e-02 5.555555555555555247e-02 2.702702702702702853e-02
7.709923664122136922e-01 7.300613496932515378e-01 2.999999999999999889e-01 0.000000000000000000e+00 0.000000000000000000e+00 0.000000000000000000e+00 0.000000000000000000e+00 0.000000000000000000e+00 0.000000000000000000e+00 0.000000000000000000e+00
7.376237623762376128e-01 5.546218487394958263e-01 6.666666666666666297e-01 0.000000000000000000e+00 0.000000000000000000e+00 0.000000000000000000e+00 0.000000000000000000e+00 0.000000000000000000e+00 0.000000000000000000e+00 0.000000000000000000e+00
7.842105263157894690e-01 6.875000000000000000e-01 2.500000000000000000e-01 0.000000000000000000e+00 0.000000000000000000e+00 0.000000000000000000e+00 0.000000000000000000e+00 0.000000000000000000e+00 0.000000000000000000e+00 0.000000000000000000e+00
9.520000000000000000e+02 9.520000000000000000e+02 9.520000000000000000e+02 9.520000000000000000e+02 9.520000000000000000e+02 9.520000000000000000e+02 9.520000000000000000e+02 9.520000000000000000e+02 9.520000000000000000e+02 9.520000000000000000e+02
7.760000000000000000e+02 7.660000000000000000e+02 7.790000000000000000e+02 7.500000000000000000e+02 1.026000000000000000e+03 1.021000000000000000e+03 9.670000000000000000e+02 2.267000000000000000e+03 1.100000000000000000e+03 2.400000000000000000e+03
7.760000000000000000e+02 1.550000000000000000e+02 9.000000000000000000e+00 0.000000000000000000e+00 0.000000000000000000e+00 0.000000000000000000e+00 0.000000000000000000e+00 0.000000000000000000e+00 0.000000000000000000e+00 0.000000000000000000e+00
7.860000000000000000e+02 8.040000000000000000e+02 7.600000000000000000e+02 7.500000000000000000e+02 1.043000000000000000e+03 1.025000000000000000e+03 9.140000000000000000e+02 2.062000000000000000e+03 1.065000000000000000e+03 2.282000000000000000e+03
7.860000000000000000e+02 1.630000000000000000e+02 1.000000000000000000e+01 0.000000000000000000e+00 0.000000000000000000e+00 0.000000000000000000e+00 0.000000000000000000e+00 0.000000000000000000e+00 0.000000000000000000e+00 0.000000000000000000e+00
0.000000000000000000e+00 2.222222222222222329e-04 4.444444444444444657e-04 6.666666666666667528e-04 8.888888888888889315e-04 1.111111111111111110e-03 1.333333333333333506e-03 1.555555555555555684e-03 1.777777777777777863e-03 2.000000000000000042e-03
