7.319587628865978912e-01 5.567423230974632986e-01 5.756718528995756756e-01 1.868250539956803347e-01 1.439075630252100724e-01 1.659663865546218420e-01 1.228991596638655398e-01 1.060924369747899138e-01 1.439075630252100724e-01 1.228991596638655398e-01
6.778169014084507449e-01 4.292565947242206192e-01 3.636363636363636465e-01 6.936416184971097576e-02 1.021897810218978103e-01 6.329113924050633333e-02 1.709401709401709574e-02 9.900990099009901110e-03 8.759124087591241281e-02 2.564102564102564014e-02
7.534246575342465890e-01 6.130136986301369939e-01 5.670498084291187846e-01 1.666666666666666574e-01 1.749999999999999889e-01 1.492537313432835688e-01 5.128205128205128027e-02 3.571428571428571230e-02 2.105263157894736725e-01 6.250000000000000000e-02
7.319587628865978912e-01 6.800000000000000488e-01 6.117647058823529882e-01 0.000000000000000000e+00 0.000000000000000000e+00 0.000000000000000000e+00 0.000000000000000000e+00 0.000000000000000000e+00 0.000000000000000000e+00 0.000000000000000000e+00
6.778169014084507449e-01 5.882352941176470784e-01 5.000000000000000000e-01 0.000000000000000000e+00 0.000000000000000000e+00 0.000000000000000000e+00 0.000000000000000000e+00 0.000000000000000000e+00 0.000000000000000000e+00 0.000000000000000000e+00
7.534246575342465890e-01 6.944444444444444198e-01 5.416666666666666297e-01 0.000000000000000000e+00 0.000000000000000000e+00 0.000000000000000000e+00 0.000000000000000000e+00 0.000000000000000000e+00 0.000000000000000000e+00 0.000000000000000000e+00
7.709923664122136922e-01 5.764854614412137090e-01 5.788770053475935651e-01 1.925133689839572115e-01 1.460084033613445464e-01 1.491596638655462159e-01 1.060924369747899138e-01 8.823529411764706454e-02 1.523109243697478854e-01 1.071428571428571369e-01
7.376237623762376128e-01 4.539473684210526550e-01 3.625866050808314034e-01 1.000000000000000056e-01 9.352517985611510931e-02 2.816901408450704289e-02 9.900990099009901110e-03 2.380952380952380820e-02 4.827586206896551657e-02 4.901960784313725422e-02
7.842105263157894690e-01 6.179104477611940816e-01 5.432525951557093391e-01 2.307692307692307820e-01 1.710526315789473728e-01 7.272727272727272374e-02 2.777777777777777624e-02 5.128205128205128027e-02 1.346153846153846090e-01 1.000000000000000056e-01
7.709923664122136922e-01 6.691729323308270860e-01 6.071428571428570953e-01 0.000000000000000000e+00 0.000000000000000000e+00 0.000000000000000000e+00 0.000000000000000000e+00 0.000000000000000000e+00 0.000000000000000000e+00 0.000000000000000000e+00
7.376237623762376128e-01 5.168539325842697041e-01 4.117647058823529216e-01 0.000000000000000000e+00 0.000000000000000000e+00 0.000000000000000000e+00 0.000000000000000000e+00 0.000000000000000000e+00 0.000000000000000000e+00 0.000000000000000000e+00
7.842105263157894690e-01 6.388888888888888395e-01 4.565217391304347561e-01 0.000000000000000000e+00 0.000000000000000000e+00 0.000000000000000000e+00 0.000000000000000000e+00 0.000000000000000000e+00 0.000000000000000000e+00 0.000000000000000000e+00
9.520000000000000000e+02 9.520000000000000000e+02 9.520000000000000000e+02 9.520000000000000000e+02 9.520000000000000000e+02 9.520000000000000000e+02 9.520000000000000000e+02 9.520000000000000000e+02 9.520000000000000000e+02 9.520000000000000000e+02
7.760000000000000000e+02 7.490000000000000000e+02 7.070000000000000000e+02 9.260000000000000000e+02 1.064000000000000000e+03 9.970000000000000000e+02 1.988000000000000000e+03 2.249000000000000000e+03 1.349000000000000000e+03 1.627000000000000000e+03
7.760000000000000000e+02 1.250000000000000000e+02 8.500000000000000000e+01 0.000000000000000000e+00 0.000000000000000000e+00 0.000000000000000000e+00 0.000000000000000000e+00 0.000000000000000000e+00 0.000000000000000000e+00 0.000000000000000000e+00
7.860000000000000000e+02 7.910000000000000000e+02 7.480000000000000000e+02 9.350000000000000000e+02 1.057000000000000000e+03 9.690000000000000000e+02 1.877000000000000000e+03 2.135000000000000000e+03 1.366000000000000000e+03 1.547000000000000000e+03
7.860000000000000000e+02 1.330000000000000000e+02 8.400000000000000000e+01 0.000000000000000000e+00 0.000000000000000000e+00 0.000000000000000000e+00 0.000000000000000000e+00 0.000000000000000000e+00 0.000000000000000000e+00 0.000000000000000000e+00
0.000000000000000000e+00 2.222222222222222329e-04 4.444444444444444657e-04 6.666666666666667528e-04 8.888888888888889315e-04 1.111111111111111110e-03 1.333333333333333506e-03 1.555555555555555684e-03 1.777777777777777863e-03 2.000000000000000042e-03
