7.319587628865978912e-01 4.859060402684563518e-01 4.072992700729927140e-01 1.943277310924369783e-01 2.322435174746335929e-01 1.407563025210084029e-01 1.917159763313609488e-01 1.418067226890756261e-01 1.250000000000000000e-01 9.348739495798319421e-02
6.778169014084507449e-01 3.342541436464088189e-01 2.078853046594981990e-01 9.729729729729730270e-02 1.456310679611650394e-01 2.985074626865671585e-02 9.876543209876542662e-02 3.703703703703703498e-02 4.201680672268907901e-02 2.247191011235954994e-02
7.534246575342465890e-01 5.238095238095238360e-01 4.360902255639097502e-01 1.956521739130434867e-01 3.157894736842105088e-01 7.142857142857142461e-02 2.051282051282051211e-01 8.620689655172414367e-02 1.020408163265306145e-01 5.405405405405405705e-02
7.319587628865978912e-01 6.323529411764705621e-01 5.000000000000000000e-01 0.000000000000000000e+00 0.000000000000000000e+00 0.000000000000000000e+00 0.000000000000000000e+00 0.000000000000000000e+00 0.000000000000000000e+00 0.000000000000000000e+00
6.778169014084507449e-01 3.720930232558139483e-01 7.692307692307692735e-02 0.000000000000000000e+00 0.000000000000000000e+00 0.000000000000000000e+00 0.000000000000000000e+00 0.000000000000000000e+00 0.000000000000000000e+00 0.000000000000000000e+00
7.534246575342465890e-01 4.102564102564102422e-01 1.111111111111111049e-01 0.000000000000000000e+00 0.000000000000000000e+00 0.000000000000000000e+00 0.000000000000000000e+00 0.000000000000000000e+00 0.000000000000000000e+00 0.000000000000000000e+00
7.709923664122136922e-01 4.956629491945477306e-01 3.994334277620396612e-01 1.932773109243697551e-01 2.119129438717067548e-01 1.365546218487394825e-01 1.887456037514654295e-01 1.250000000000000000e-01 1.207983193277310935e-01 7.352941176470588480e-02
7.376237623762376128e-01 3.225000000000000089e-01 2.127659574468085124e-01 1.032608695652173919e-01 1.459459459459459540e-01 3.076923076923077094e-02 1.180124223602484479e-01 3.361344537815125905e-02 5.217391304347825803e-02 1.428571428571428527e-02
7.842105263157894690e-01 5.330578512396694224e-01 4.054054054054054279e-01 2.043010752688172171e-01 2.842105263157894690e-01 6.451612903225806273e-02 2.467532467532467522e-01 7.692307692307692735e-02 1.199999999999999956e-01 3.030303030303030387e-02
7.709923664122136922e-01 6.521739130434782705e-01 5.416666666666666297e-01 0.000000000000000000e+00 0.000000000000000000e+00 0.000000000000000000e+00 0.000000000000000000e+00 0.000000000000000000e+00 0.000000000000000000e+00 0.000000000000000000e+00
7.376237623762376128e-01 4.222222222222222210e-01 7.692307692307692735e-02 0.000000000000000000e+00 0.000000000000000000e+00 0.000000000000000000e+00 0.000000000000000000e+00 0.000000000000000000e+00 0.000000000000000000e+00 0.000000000000000000e+00
7.842105263157894690e-01 5.277777777777777901e-01 1.000000000000000056e-01 0.000000000000000000e+00 0.000000000000000000e+00 0.000000000000000000e+00 0.000000000000000000e+00 0.000000000000000000e+00 0.000000000000000000e+00 0.000000000000000000e+00
9.520000000000000000e+02 9.520000000000000000e+02 9.520000000000000000e+02 9.520000000000000000e+02 9.520000000000000000e+02 9.520000000000000000e+02 9.520000000000000000e+02 9.520000000000000000e+02 9.520000000000000000e+02 9.520000000000000000e+02
7.760000000000000000e+02 7.450000000000000000e+02 6.850000000000000000e+02 9.750000000000000000e+02 8.870000000000000000e+02 1.025000000000000000e+03 8.450000000000000000e+02 1.508000000000000000e+03 1.327000000000000000e+03 2.574000000000000000e+03
7.760000000000000000e+02 6.800000000000000000e+01 2.600000000000000000e+01 0.000000000000000000e+00 0.000000000000000000e+00 0.000000000000000000e+00 0.000000000000000000e+00 0.000000000000000000e+00 0.000000000000000000e+00 0.000000000000000000e+00
7.860000000000000000e+02 8.070000000000000000e+02 7.060000000000000000e+02 9.890000000000000000e+02 8.730000000000000000e+02 9.710000000000000000e+02 8.530000000000000000e+02 1.449000000000000000e+03 1.288000000000000000e+03 2.403000000000000000e+03
7.860000000000000000e+02 6.900000000000000000e+01 2.400000000000000000e+01 0.000000000000000000e+00 0.000000000000000000e+00 0.000000000000000000e+00 0.000000000000000000e+00 0.000000000000000000e+00 0.000000000000000000e+00 0.000000000000000000e+00
0.000000000000000000e+00 2.222222222222222329e-04 4.444444444444444657e-04 6.666666666666667528e-04 8.888888888888889315e-04 1.111111111111111110e-03 1.333333333333333506e-03 1.555555555555555684e-03 1.777777777777777863e-03 2.000000000000000042e-03
