7.319587628865978912e-01 4.266487213997308126e-01 4.233870967741935609e-01 2.660550458715596478e-01 1.292016806722689204e-01 1.754574811625403685e-01 1.271008403361344463e-01 1.228991596638655398e-01 1.502100840336134391e-01 6.722689075630251809e-02
6.778169014084507449e-01 3.123028391167192441e-01 2.793650793650793718e-01 1.422413793103448343e-01 8.943089430894309022e-02 1.042944785276073566e-01 3.305785123966942241e-02 5.982905982905983161e-02 4.195804195804195974e-02 1.562500000000000000e-02
7.534246575342465890e-01 5.103092783505154273e-01 4.731182795698924970e-01 3.203883495145631310e-01 2.000000000000000111e-01 2.023809523809523836e-01 6.060606060606060774e-02 1.627906976744186163e-01 1.304347826086956486e-01 2.857142857142857054e-02
7.319587628865978912e-01 7.173913043478260532e-01 4.782608695652174058e-01 0.000000000000000000e+00 0.000000000000000000e+00 0.000000000000000000e+00 0.000000000000000000e+00 0.000000000000000000e+00 0.000000000000000000e+00 0.000000000000000000e+00
6.778169014084507449e-01 2.727272727272727071e-01 3.636363636363636465e-01 0.000000000000000000e+00 0.000000000000000000e+00 0.000000000000000000e+00 0.000000000000000000e+00 0.000000000000000000e+00 0.000000000000000000e+00 0.000000000000000000e+00
7.534246575342465890e-01 3.103448275862069061e-01 3.333333333333333148e-01 0.000000000000000000e+00 0.000000000000000000e+00 0.000000000000000000e+00 0.000000000000000000e+00 0.000000000000000000e+00 0.000000000000000000e+00 0.000000000000000000e+00
7.709923664122136922e-01 4.544198895027624086e-01 4.386422976501305748e-01 2.812135355892648736e-01 1.313025210084033667e-01 1.761546723952739091e-01 1.228991596638655398e-01 1.155462184873949638e-01 1.365546218487394825e-01 6.617647058823529493e-02
7.376237623762376128e-01 2.887537993920972768e-01 3.005952380952380820e-01 1.576763485477178373e-01 8.799999999999999489e-02 1.219512195121951192e-01 4.273504273504273587e-02 4.545454545454545581e-02 6.923076923076923461e-02 1.587301587301587213e-02
7.842105263157894690e-01 4.656862745098039325e-01 4.633027522935779796e-01 3.584905660377358250e-01 1.594202898550724501e-01 2.247191011235954994e-01 8.474576271186440302e-02 1.190476190476190410e-01 2.000000000000000111e-01 2.631578947368420907e-02
7.709923664122136922e-01 6.530612244897958663e-01 4.400000000000000022e-01 0.000000000000000000e+00 0.000000000000000000e+00 0.000000000000000000e+00 0.000000000000000000e+00 0.000000000000000000e+00 0.000000000000000000e+00 0.000000000000000000e+00
7.376237623762376128e-01 3.125000000000000000e-01 3.636363636363636465e-01 0.000000000000000000e+00 0.000000000000000000e+00 0.000000000000000000e+00 0.000000000000000000e+00 0.000000000000000000e+00 0.000000000000000000e+00 0.000000000000000000e+00
7.842105263157894690e-01 3.333333333333333148e-01 3.333333333333333148e-01 0.000000000000000000e+00 0.000000000000000000e+00 0.000000000000000000e+00 0.000000000000000000e+00 0.000000000000000000e+00 0.000000000000000000e+00 0.000000000000000000e+00
9.520000000000000000e+02 9.520000000000000000e+02 9.520000000000000000e+02 9.520000000000000000e+02 9.520000000000000000e+02 9.520000000000000000e+02 9.520000000000000000e+02 9.520000000000000000e+02 9.520000000000000000e+02 9.520000000000000000e+02
7.760000000000000000e+02 7.430000000000000000e+02 7.440000000000000000e+02 8.720000000000000000e+02 1.234000000000000000e+03 9.290000000000000000e+02 1.174000000000000000e+03 1.181000000000000000e+03 1.025000000000000000e+03 2.147000000000000000e+03
7.760000000000000000e+02 4.600000000000000000e+01 2.300000000000000000e+01 0.000000000000000000e+00 0.000000000000000000e+00 0.000000000000000000e+00 0.000000000000000000e+00 0.000000000000000000e+00 0.000000000000000000e+00 0.000000000000000000e+00
7.860000000000000000e+02 7.240000000000000000e+02 7.660000000000000000e+02 8.570000000000000000e+02 1.208000000000000000e+03 9.310000000000000000e+02 1.124000000000000000e+03 1.156000000000000000e+03 1.000000000000000000e+03 2.039000000000000000e+03
7.860000000000000000e+02 4.900000000000000000e+01 2.500000000000000000e+01 0.000000000000000000e+00 0.000000000000000000e+00 0.000000000000000000e+00 0.000000000000000000e+00 0.000000000000000000e+00 0.000000000000000000e+00 0.000000000000000000e+00
0.000000000000000000e+00 2.222222222222222329e-04 4.444444444444444657e-04 6.666666666666667528e-04 8.888888888888889315e-04 1.111111111111111110e-03 1.333333333333333506e-03 1.555555555555555684e-03 1.777777777777777863e-03 2.000000000000000042e-03
