7.319587628865978912e-01 5.377229080932784955e-01 3.970390309555854591e-01 3.249669749009246877e-01 1.144957983193277268e-01 1.355042016806722593e-01 1.113445378151260573e-01 1.207983193277310935e-01 9.873949579831932388e-02 8.718487394957982750e-02
6.778169014084507449e-01 4.030612244897959218e-01 2.576271186440677874e-01 1.829268292682926789e-01 5.504587155963303058e-02 2.325581395348837177e-02 1.886792452830188607e-02 1.739130434782608717e-02 4.255319148936170109e-02 1.204819277108433798e-02
7.534246575342465890e-01 5.374149659863945994e-01 4.497041420118343402e-01 3.719008264462809743e-01 1.199999999999999956e-01 6.382978723404254817e-02 3.773584905660377214e-02 3.125000000000000000e-02 8.510638297872340219e-02 2.702702702702702853e-02
7.319587628865978912e-01 6.521739130434782705e-01 5.652173913043477826e-01 1.000000000000000000e+00 0.000000000000000000e+00 0.000000000000000000e+00 0.000000000000000000e+00 0.000000000000000000e+00 0.000000000000000000e+00 0.000000000000000000e+00
6.778169014084507449e-01 5.733333333333333615e-01 2.307692307692307820e-01 5.000000000000000000e-01 0.000000000000000000e+00 0.000000000000000000e+00 0.000000000000000000e+00 0.000000000000000000e+00 0.000000000000000000e+00 0.000000000000000000e+00
7.534246575342465890e-01 6.231884057971014412e-01 5.000000000000000000e-01 5.000000000000000000e-01 0.000000000000000000e+00 0.000000000000000000e+00 0.000000000000000000e+00 0.000000000000000000e+00 0.000000000000000000e+00 0.000000000000000000e+00
7.709923664122136922e-01 5.370121130551817057e-01 4.234354194407456973e-01 3.375796178343948850e-01 1.018907563025210072e-01 1.365546218487394825e-01 9.558823529411764053e-02 1.113445378151260573e-01 9.663865546218487756e-02 7.668067226890756816e-02
7.376237623762376128e-01 4.285714285714285476e-01 2.987421383647798634e-01 1.886792452830188815e-01 5.154639175257731687e-02 3.846153846153846367e-02 2.197802197802197974e-02 2.830188679245283084e-02 2.173913043478260809e-02 2.739726027397260122e-02
7.842105263157894690e-01 5.551948051948052409e-01 4.846938775510203912e-01 3.703703703703703498e-01 9.090909090909091161e-02 9.803921568627450844e-02 4.000000000000000083e-02 4.615384615384615641e-02 4.166666666666666435e-02 5.263157894736841813e-02
7.709923664122136922e-01 6.403508771929824483e-01 6.153846153846154188e-01 1.000000000000000000e+00 0.000000000000000000e+00 0.000000000000000000e+00 0.000000000000000000e+00 0.000000000000000000e+00 0.000000000000000000e+00 0.000000000000000000e+00
7.376237623762376128e-01 4.794520547945205213e-01 3.125000000000000000e-01 2.500000000000000000e-01 0.000000000000000000e+00 0.000000000000000000e+00 0.000000000000000000e+00 0.000000000000000000e+00 0.000000000000000000e+00 0.000000000000000000e+00
7.842105263157894690e-01 5.737704918032786594e-01 5.555555555555555802e-01 1.000000000000000000e+00 0.000000000000000000e+00 0.000000000000000000e+00 0.000000000000000000e+00 0.000000000000000000e+00 0.000000000000000000e+00 0.000000000000000000e+00
9.520000000000000000e+02 9.520000000000000000e+02 9.520000000000000000e+02 9.520000000000000000e+02 9.520000000000000000e+02 9.520000000000000000e+02 9.520000000000000000e+02 9.520000000000000000e+02 9.520000000000000000e+02 9.520000000000000000e+02
7.760000000000000000e+02 7.290000000000000000e+02 7.430000000000000000e+02 7.570000000000000000e+02 1.115000000000000000e+03 1.085000000000000000e+03 1.989000000000000000e+03 1.320000000000000000e+03 2.197000000000000000e+03 1.615000000000000000e+03
7.760000000000000000e+02 1.150000000000000000e+02 2.300000000000000000e+01 2.000000000000000000e+00 0.000000000000000000e+00 0.000000000000000000e+00 0.000000000000000000e+00 0.000000000000000000e+00 0.000000000000000000e+00 0.000000000000000000e+00
7.860000000000000000e+02 7.430000000000000000e+02 7.510000000000000000e+02 7.850000000000000000e+02 1.100000000000000000e+03 1.078000000000000000e+03 1.820000000000000000e+03 1.261000000000000000e+03 2.046000000000000000e+03 1.540000000000000000e+03
7.860000000000000000e+02 1.140000000000000000e+02 2.600000000000000000e+01 4.000000000000000000e+00 0.000000000000000000e+00 0.000000000000000000e+00 0.000000000000000000e+00 0.000000000000000000e+00 0.000000000000000000e+00 0.000000000000000000e+00
0.000000000000000000e+00 2.222222222222222329e-04 4.444444444444444657e-04 6.666666666666667528e-04 8.888888888888889315e-04 1.111111111111111110e-03 1.333333333333333506e-03 1.555555555555555684e-03 1.777777777777777863e-03 2.000000000000000042e-03
