7.319587628865978912e-01 4.654731457800511674e-01 4.117647058823529216e-01 1.771611526147278681e-01 2.305961754780652406e-01 9.978991596638656092e-02 8.613445378151260434e-02 1.239495798319327768e-01 2.171122994652406324e-01 9.243697478991597105e-02
6.778169014084507449e-01 3.351648351648351398e-01 2.857142857142856984e-01 7.831325301204819511e-02 1.317073170731707377e-01 3.157894736842105365e-02 2.439024390243902524e-02 7.627118644067797104e-02 7.881773399014778414e-02 2.272727272727272790e-02
7.534246575342465890e-01 5.470852017937219980e-01 5.116279069767442067e-01 1.756756756756756854e-01 2.872340425531915153e-01 5.660377358490566169e-02 5.555555555555555247e-02 2.093023255813953598e-01 2.352941176470588203e-01 5.882352941176470507e-02
7.319587628865978912e-01 6.666666666666666297e-01 5.789473684210526550e-01 0.000000000000000000e+00 0.000000000000000000e+00 0.000000000000000000e+00 0.000000000000000000e+00 0.000000000000000000e+00 0.000000000000000000e+00 0.000000000000000000e+00
6.778169014084507449e-01 5.000000000000000000e-01 3.636363636363636465e-01 0.000000000000000000e+00 0.000000000000000000e+00 0.000000000000000000e+00 0.000000000000000000e+00 0.000000000000000000e+00 0.000000000000000000e+00 0.000000000000000000e+00
7.534246575342465890e-01 5.652173913043477826e-01 3.076923076923077094e-01 0.000000000000000000e+00 0.000000000000000000e+00 0.000000000000000000e+00 0.000000000000000000e+00 0.000000000000000000e+00 0.000000000000000000e+00 0.000000000000000000e+00
7.709923664122136922e-01 4.853128991060025599e-01 4.064171122994652552e-01 1.635768811341330453e-01 2.408435072142064426e-01 9.033613445378151086e-02 7.668067226890756816e-02 1.218487394957983166e-01 2.163865546218487479e-01 7.457983193277310796e-02
7.376237623762376128e-01 3.394736842105263164e-01 3.092105263157894912e-01 8.000000000000000167e-02 1.751152073732718806e-01 2.325581395348837177e-02 1.369863013698630061e-02 5.172413793103448204e-02 6.310679611650485410e-02 1.408450704225352144e-02
7.842105263157894690e-01 5.784753363228699596e-01 4.845360824742268036e-01 1.764705882352941291e-01 3.689320388349514590e-01 4.255319148936170109e-02 2.325581395348837177e-02 1.578947368421052544e-01 2.031250000000000000e-01 3.846153846153846367e-02
7.709923664122136922e-01 6.739130434782608647e-01 4.500000000000000111e-01 0.000000000000000000e+00 0.000000000000000000e+00 0.000000000000000000e+00 0.000000000000000000e+00 0.000000000000000000e+00 0.000000000000000000e+00 0.000000000000000000e+00
7.376237623762376128e-01 4.838709677419354982e-01 3.333333333333333148e-01 0.000000000000000000e+00 0.000000000000000000e+00 0.000000000000000000e+00 0.000000000000000000e+00 0.000000000000000000e+00 0.000000000000000000e+00 0.000000000000000000e+00
7.842105263157894690e-01 6.250000000000000000e-01 2.727272727272727071e-01 0.000000000000000000e+00 0.000000000000000000e+00 0.000000000000000000e+00 0.000000000000000000e+00 0.000000000000000000e+00 0.000000000000000000e+00 0.000000000000000000e+00
9.520000000000000000e+02 9.520000000000000000e+02 9.520000000000000000e+02 9.520000000000000000e+02 9.520000000000000000e+02 9.520000000000000000e+02 9.520000000000000000e+02 9.520000000000000000e+02 9.520000000000000000e+02 9.520000000000000000e+02
7.760000000000000000e+02 7.820000000000000000e+02 7.480000000000000000e+02 9.370000000000000000e+02 8.890000000000000000e+02 1.504000000000000000e+03 1.893000000000000000e+03 1.429000000000000000e+03 9.350000000000000000e+02 1.611000000000000000e+03
7.760000000000000000e+02 3.900000000000000000e+01 1.900000000000000000e+01 0.000000000000000000e+00 0.000000000000000000e+00 0.000000000000000000e+00 0.000000000000000000e+00 0.000000000000000000e+00 0.000000000000000000e+00 0.000000000000000000e+00
7.860000000000000000e+02 7.830000000000000000e+02 7.480000000000000000e+02 9.170000000000000000e+02 9.010000000000000000e+02 1.507000000000000000e+03 1.765000000000000000e+03 1.424000000000000000e+03 9.560000000000000000e+02 1.522000000000000000e+03
7.860000000000000000e+02 4.600000000000000000e+01 2.000000000000000000e+01 0.000000000000000000e+00 0.000000000000000000e+00 0.000000000000000000e+00 0.000000000000000000e+00 0.000000000000000000e+00 0.000000000000000000e+00 0.000000000000000000e+00
0.000000000000000000e+00 2.222222222222222329e-04 4.444444444444444657e-04 6.666666666666667528e-04 8.888888888888889315e-04 1.111111111111111110e-03 1.333333333333333506e-03 1.555555555555555684e-03 1.777777777777777863e-03 2.000000000000000042e-03
