7.319587628865978912e-01 4.523195876288659822e-01 4.396671289875173638e-01 3.469656992084432789e-01 2.567901234567901425e-01 1.736263736263736202e-01 9.768907563025210072e-02 1.176470588235294101e-01 9.558823529411764053e-02 8.298319327731092099e-02
6.778169014084507449e-01 2.905982905982906206e-01 3.564668769716088370e-01 1.558935361216730042e-01 1.201923076923076955e-01 8.227848101265822223e-02 4.301075268817204644e-02 4.464285714285714385e-02 1.098901098901098987e-02 1.265822784810126563e-02
7.534246575342465890e-01 4.811320754716981174e-01 4.728033472803347403e-01 3.178294573643410947e-01 2.873563218390804419e-01 1.884057971014492794e-01 7.692307692307692735e-02 1.785714285714285754e-01 3.225806451612903136e-02 2.564102564102564014e-02
7.319587628865978912e-01 5.999999999999999778e-01 6.419753086419752730e-01 5.000000000000000000e-01 0.000000000000000000e+00 5.000000000000000000e-01 0.000000000000000000e+00 0.000000000000000000e+00 0.000000000000000000e+00 0.000000000000000000e+00
6.778169014084507449e-01 3.888888888888888951e-01 4.807692307692307820e-01 5.000000000000000000e-01 0.000000000000000000e+00 1.000000000000000000e+00 0.000000000000000000e+00 0.000000000000000000e+00 0.000000000000000000e+00 0.000000000000000000e+00
7.534246575342465890e-01 4.666666666666666741e-01 5.555555555555555802e-01 5.000000000000000000e-01 0.000000000000000000e+00 5.000000000000000000e-01 0.000000000000000000e+00 0.000000000000000000e+00 0.000000000000000000e+00 0.000000000000000000e+00
7.709923664122136922e-01 4.721189591078067127e-01 4.593874833555259829e-01 3.386034255599473242e-01 2.459222082810539611e-01 1.730769230769230727e-01 9.663865546218487756e-02 1.029411764705882304e-01 7.983193277310923763e-02 7.037815126050420145e-02
7.376237623762376128e-01 3.123359580052493256e-01 3.391304347826086807e-01 1.984435797665369539e-01 1.428571428571428492e-01 9.150326797385620325e-02 5.434782608695652023e-02 3.061224489795918297e-02 1.315789473684210453e-02 1.492537313432835792e-02
7.842105263157894690e-01 5.433789954337899797e-01 4.736842105263157632e-01 3.617021276595744905e-01 2.616822429906541791e-01 2.058823529411764608e-01 8.333333333333332871e-02 7.317073170731706877e-02 3.225806451612903136e-02 3.571428571428571230e-02
7.709923664122136922e-01 5.937500000000000000e-01 6.666666666666666297e-01 5.000000000000000000e-01 0.000000000000000000e+00 5.000000000000000000e-01 0.000000000000000000e+00 0.000000000000000000e+00 0.000000000000000000e+00 0.000000000000000000e+00
7.376237623762376128e-01 4.210526315789473450e-01 5.000000000000000000e-01 5.000000000000000000e-01 0.000000000000000000e+00 1.000000000000000000e+00 0.000000000000000000e+00 0.000000000000000000e+00 0.000000000000000000e+00 0.000000000000000000e+00
7.842105263157894690e-01 5.000000000000000000e-01 5.471698113207547065e-01 5.000000000000000000e-01 0.000000000000000000e+00 5.000000000000000000e-01 0.000000000000000000e+00 0.000000000000000000e+00 0.000000000000000000e+00 0.000000000000000000e+00
9.520000000000000000e+02 9.520000000000000000e+02 9.520000000000000000e+02 9.520000000000000000e+02 9.520000000000000000e+02 9.520000000000000000e+02 9.520000000000000000e+02 9.520000000000000000e+02 9.520000000000000000e+02 9.520000000000000000e+02
7.760000000000000000e+02 7.760000000000000000e+02 7.210000000000000000e+02 7.580000000000000000e+02 8.100000000000000000e+02 9.100000000000000000e+02 1.367000000000000000e+03 2.114000000000000000e+03 1.786000000000000000e+03 2.563000000000000000e+03
7.760000000000000000e+02 3.000000000000000000e+01 8.100000000000000000e+01 4.000000000000000000e+00 0.000000000000000000e+00 2.000000000000000000e+00 0.000000000000000000e+00 0.000000000000000000e+00 0.000000000000000000e+00 0.000000000000000000e+00
7.860000000000000000e+02 8.070000000000000000e+02 7.510000000000000000e+02 7.590000000000000000e+02 7.970000000000000000e+02 8.840000000000000000e+02 1.318000000000000000e+03 1.999000000000000000e+03 1.652000000000000000e+03 2.361000000000000000e+03
7.860000000000000000e+02 3.200000000000000000e+01 8.700000000000000000e+01 4.000000000000000000e+00 0.000000000000000000e+00 2.000000000000000000e+00 0.000000000000000000e+00 0.000000000000000000e+00 0.000000000000000000e+00 0.000000000000000000e+00
0.000000000000000000e+00 2.222222222222222329e-04 4.444444444444444657e-04 6.666666666666667528e-04 8.888888888888889315e-04 1.111111111111111110e-03 1.333333333333333506e-03 1.555555555555555684e-03 1.777777777777777863e-03 2.000000000000000042e-03
