7.319587628865978912e-01 5.509138381201044155e-01 3.704697986577181190e-01 3.122676579925650620e-01 1.334033613445378130e-01 1.407563025210084029e-01 1.271008403361344463e-01 7.983193277310923763e-02 9.138655462184873401e-02 1.029411764705882304e-01
6.778169014084507449e-01 4.431279620853080803e-01 2.500000000000000000e-01 1.349206349206349131e-01 5.511811023622047168e-02 2.238805970149253602e-02 8.264462809917355601e-02 1.315789473684210453e-02 1.149425287356321823e-02 1.020408163265306041e-02
7.534246575342465890e-01 5.955414012738853291e-01 4.011627906976744096e-01 3.148148148148148251e-01 9.090909090909091161e-02 6.122448979591836593e-02 1.960784313725490169e-01 2.439024390243902524e-02 3.448275862068965469e-02 3.030303030303030387e-02
7.319587628865978912e-01 6.917808219178082085e-01 4.923076923076923350e-01 0.000000000000000000e+00 0.000000000000000000e+00 0.000000000000000000e+00 0.000000000000000000e+00 0.000000000000000000e+00 0.000000000000000000e+00 0.000000000000000000e+00
6.778169014084507449e-01 4.158415841584158223e-01 4.062500000000000000e-01 0.000000000000000000e+00 0.000000000000000000e+00 0.000000000000000000e+00 0.000000000000000000e+00 0.000000000000000000e+00 0.000000000000000000e+00 0.000000000000000000e+00
7.534246575342465890e-01 5.384615384615384359e-01 5.652173913043477826e-01 0.000000000000000000e+00 0.000000000000000000e+00 0.000000000000000000e+00 0.000000000000000000e+00 0.000000000000000000e+00 0.000000000000000000e+00 0.000000000000000000e+00
7.709923664122136922e-01 5.689223057644110515e-01 3.736559139784946248e-01 3.108433734939758941e-01 1.344537815126050362e-01 1.334033613445378130e-01 1.050420168067226906e-01 8.193277310924369783e-02 8.928571428571428770e-02 8.193277310924369783e-02
7.376237623762376128e-01 4.339207048458149640e-01 2.841726618705036067e-01 1.395348837209302306e-01 6.250000000000000000e-02 1.574803149606299191e-02 8.999999999999999667e-02 1.282051282051282007e-02 1.176470588235294101e-02 1.282051282051282007e-02
7.842105263157894690e-01 5.880597014925372790e-01 4.340659340659340781e-01 2.999999999999999889e-01 1.000000000000000056e-01 3.921568627450980338e-02 2.000000000000000111e-01 2.631578947368420907e-02 3.333333333333333287e-02 3.846153846153846367e-02
7.709923664122136922e-01 6.556291390728476998e-01 5.370370370370370905e-01 0.000000000000000000e+00 0.000000000000000000e+00 0.000000000000000000e+00 0.000000000000000000e+00 0.000000000000000000e+00 0.000000000000000000e+00 0.000000000000000000e+00
7.376237623762376128e-01 4.949494949494949725e-01 4.827586206896551935e-01 0.000000000000000000e+00 0.000000000000000000e+00 0.000000000000000000e+00 0.000000000000000000e+00 0.000000000000000000e+00 0.000000000000000000e+00 0.000000000000000000e+00
7.842105263157894690e-01 6.202531645569620000e-01 5.185185185185184897e-01 0.000000000000000000e+00 0.000000000000000000e+00 0.000000000000000000e+00 0.000000000000000000e+00 0.000000000000000000e+00 0.000000000000000000e+00 0.000000000000000000e+00
9.520000000000000000e+02 9.520000000000000000e+02 9.520000000000000000e+02 9.520000000000000000e+02 9.520000000000000000e+02 9.520000000000000000e+02 9.520000000000000000e+02 9.520000000000000000e+02 9.520000000000000000e+02 9.520000000000000000e+02
7.760000000000000000e+02 7.660000000000000000e+02 7.450000000000000000e+02 8.070000000000000000e+02 1.530000000000000000e+03 1.284000000000000000e+03 1.485000000000000000e+03 2.212000000000000000e+03 1.997000000000000000e+03 1.458000000000000000e+03
7.760000000000000000e+02 1.460000000000000000e+02 6.500000000000000000e+01 0.000000000000000000e+00 0.000000000000000000e+00 0.000000000000000000e+00 0.000000000000000000e+00 0.000000000000000000e+00 0.000000000000000000e+00 0.000000000000000000e+00
7.860000000000000000e+02 7.980000000000000000e+02 7.440000000000000000e+02 8.300000000000000000e+02 1.456000000000000000e+03 1.284000000000000000e+03 1.424000000000000000e+03 2.155000000000000000e+03 1.834000000000000000e+03 1.379000000000000000e+03
7.860000000000000000e+02 1.510000000000000000e+02 5.400000000000000000e+01 0.000000000000000000e+00 0.000000000000000000e+00 0.000000000000000000e+00 0.000000000000000000e+00 0.000000000000000000e+00 0.000000000000000000e+00 0.000000000000000000e+00
0.000000000000000000e+00 2.222222222222222329e-04 4.444444444444444657e-04 6.666666666666667528e-04 8.888888888888889315e-04 1.111111111111111110e-03 1.333333333333333506e-03 1.555555555555555684e-03 1.777777777777777863e-03 2.000000000000000042e-03
