7.319587628865978912e-01 4.930291508238276443e-01 5.402597402597402176e-01 2.329988851727982091e-01 1.218487394957983166e-01 1.092436974789915971e-01 3.750000000000000000e-01 8.613445378151260434e-02 2.253012048192770955e-01 7.247899159663866164e-02
6.778169014084507449e-01 3.316195372750642689e-01 4.350961538461538547e-01 1.052631578947368363e-01 3.448275862068965469e-02 3.846153846153846367e-02 3.030303030303030387e-01 1.219512195121951262e-02 2.085561497326203217e-01 1.449275362318840597e-02
7.534246575342465890e-01 5.308641975308642236e-01 6.094276094276094291e-01 2.784810126582278333e-01 8.888888888888889228e-02 6.250000000000000000e-02 4.968944099378881929e-01 3.333333333333333287e-02 4.148936170212765839e-01 2.777777777777777624e-02
7.319587628865978912e-01 6.091954022988506079e-01 6.288659793814432852e-01 0.000000000000000000e+00 0.000000000000000000e+00 0.000000000000000000e+00 5.999999999999999778e-01 0.000000000000000000e+00 0.000000000000000000e+00 0.000000000000000000e+00
6.778169014084507449e-01 4.528301886792452935e-01 4.098360655737705027e-01 1.000000000000000000e+00 0.000000000000000000e+00 0.000000000000000000e+00 6.666666666666666297e-01 0.000000000000000000e+00 0.000000000000000000e+00 0.000000000000000000e+00
7.534246575342465890e-01 4.897959183673469274e-01 4.716981132075471761e-01 5.000000000000000000e-01 0.000000000000000000e+00 0.000000000000000000e+00 4.000000000000000222e-01 0.000000000000000000e+00 0.000000000000000000e+00 0.000000000000000000e+00
7.709923664122136922e-01 5.295629820051414027e-01 5.474358974358974894e-01 2.310969116080937302e-01 1.250000000000000000e-01 1.008403361344537841e-01 3.921568627450980338e-01 7.773109243697479132e-02 2.246192893401015300e-01 6.722689075630251809e-02
7.376237623762376128e-01 3.543689320388349606e-01 4.519906323185011732e-01 1.290322580645161255e-01 5.042016806722689204e-02 5.208333333333333565e-02 2.714285714285714080e-01 1.351351351351351426e-02 1.807909604519774005e-01 3.125000000000000000e-02
7.842105263157894690e-01 5.748031496062991907e-01 6.433333333333333126e-01 3.076923076923077094e-01 8.695652173913043237e-02 7.462686567164178442e-02 5.170068027210884543e-01 3.448275862068965469e-02 3.478260869565217295e-01 5.882352941176470507e-02
7.709923664122136922e-01 6.352941176470587870e-01 6.595744680851063357e-01 0.000000000000000000e+00 0.000000000000000000e+00 0.000000000000000000e+00 5.999999999999999778e-01 0.000000000000000000e+00 0.000000000000000000e+00 0.000000000000000000e+00
7.376237623762376128e-01 4.259259259259259300e-01 4.032258064516128782e-01 1.000000000000000000e+00 0.000000000000000000e+00 0.000000000000000000e+00 6.666666666666666297e-01 0.000000000000000000e+00 0.000000000000000000e+00 0.000000000000000000e+00
7.842105263157894690e-01 5.000000000000000000e-01 4.901960784313725283e-01 5.000000000000000000e-01 0.000000000000000000e+00 0.000000000000000000e+00 4.000000000000000222e-01 0.000000000000000000e+00 0.000000000000000000e+00 0.000000000000000000e+00
9.520000000000000000e+02 9.520000000000000000e+02 9.520000000000000000e+02 9.520000000000000000e+02 9.520000000000000000e+02 9.520000000000000000e+02 9.520000000000000000e+02 9.520000000000000000e+02 9.520000000000000000e+02 9.520000000000000000e+02
7.760000000000000000e+02 7.890000000000000000e+02 7.700000000000000000e+02 8.970000000000000000e+02 1.150000000000000000e+03 1.097000000000000000e+03 7.040000000000000000e+02 1.702000000000000000e+03 8.300000000000000000e+02 1.969000000000000000e+03
7.760000000000000000e+02 8.700000000000000000e+01 9.700000000000000000e+01 2.000000000000000000e+00 0.000000000000000000e+00 0.000000000000000000e+00 5.000000000000000000e+00 0.000000000000000000e+00 0.000000000000000000e+00 0.000000000000000000e+00
7.860000000000000000e+02 7.780000000000000000e+02 7.800000000000000000e+02 9.390000000000000000e+02 1.120000000000000000e+03 1.107000000000000000e+03 7.140000000000000000e+02 1.604000000000000000e+03 7.880000000000000000e+02 1.806000000000000000e+03
7.860000000000000000e+02 8.500000000000000000e+01 9.400000000000000000e+01 2.000000000000000000e+00 0.000000000000000000e+00 0.000000000000000000e+00 5.000000000000000000e+00 0.000000000000000000e+00 0.000000000000000000e+00 0.000000000000000000e+00
0.000000000000000000e+00 2.222222222222222329e-04 4.444444444444444657e-04 6.666666666666667528e-04 8.888888888888889315e-04 1.111111111111111110e-03 1.333333333333333506e-03 1.555555555555555684e-03 1.777777777777777863e-03 2.000000000000000042e-03
