7.319587628865978912e-01 5.459119496855345810e-01 3.475452196382429193e-01 1.617647058823529493e-01 1.930379746835443056e-01 1.491596638655462159e-01 1.008403361344537841e-01 1.102941176470588203e-01 1.102941176470588203e-01 1.670168067226890651e-01
6.778169014084507449e-01 4.470046082949308830e-01 2.118959107806691333e-01 1.298701298701298579e-01 9.836065573770491621e-02 8.450704225352112520e-02 1.041666666666666609e-02 4.761904761904761640e-02 1.904761904761904934e-02 6.289308176100629269e-03
7.534246575342465890e-01 6.319218241042344753e-01 4.384615384615384581e-01 2.531645569620253333e-01 2.647058823529411797e-01 1.395348837209302306e-01 3.333333333333333287e-02 1.162790697674418589e-01 4.444444444444444614e-02 2.631578947368420907e-02
7.319587628865978912e-01 7.009803921568626972e-01 0.000000000000000000e+00 0.000000000000000000e+00 0.000000000000000000e+00 0.000000000000000000e+00 0.000000000000000000e+00 0.000000000000000000e+00 0.000000000000000000e+00 0.000000000000000000e+00
6.778169014084507449e-01 5.034965034965035446e-01 1.000000000000000000e+00 0.000000000000000000e+00 0.000000000000000000e+00 0.000000000000000000e+00 0.000000000000000000e+00 0.000000000000000000e+00 0.000000000000000000e+00 0.000000000000000000e+00
7.534246575342465890e-01 6.371681415929203451e-01 1.000000000000000000e+00 0.000000000000000000e+00 0.000000000000000000e+00 0.000000000000000000e+00 0.000000000000000000e+00 0.000000000000000000e+00 0.000000000000000000e+00 0.000000000000000000e+00
7.709923664122136922e-01 5.628078817733990213e-01 3.380462724935732743e-01 1.659663865546218420e-01 1.837606837606837740e-01 1.428571428571428492e-01 8.823529411764706454e-02 1.060924369747899138e-01 1.092436974789915971e-01 1.617647058823529493e-01
7.376237623762376128e-01 4.376367614879649870e-01 2.319391634980988715e-01 1.582278481012658333e-01 9.883720930232557655e-02 8.823529411764706454e-02 2.380952380952380820e-02 2.970297029702970160e-02 9.615384615384615918e-03 6.493506493506493935e-03
7.842105263157894690e-01 6.230529595015575905e-01 4.093959731543624359e-01 2.840909090909091161e-01 2.361111111111111049e-01 1.445783132530120418e-01 5.128205128205128027e-02 6.818181818181817677e-02 1.923076923076923184e-02 2.083333333333333218e-02
7.709923664122136922e-01 7.009345794392523032e-01 1.000000000000000000e+00 0.000000000000000000e+00 0.000000000000000000e+00 0.000000000000000000e+00 0.000000000000000000e+00 0.000000000000000000e+00 0.000000000000000000e+00 0.000000000000000000e+00
7.376237623762376128e-01 4.866666666666666918e-01 5.000000000000000000e-01 0.000000000000000000e+00 0.000000000000000000e+00 0.000000000000000000e+00 0.000000000000000000e+00 0.000000000000000000e+00 0.000000000000000000e+00 0.000000000000000000e+00
7.842105263157894690e-01 6.576576576576577127e-01 5.000000000000000000e-01 0.000000000000000000e+00 0.000000000000000000e+00 0.000000000000000000e+00 0.000000000000000000e+00 0.000000000000000000e+00 0.000000000000000000e+00 0.000000000000000000e+00
9.520000000000000000e+02 9.520000000000000000e+02 9.520000000000000000e+02 9.520000000000000000e+02 9.520000000000000000e+02 9.520000000000000000e+02 9.520000000000000000e+02 9.520000000000000000e+02 9.520000000000000000e+02 9.520000000000000000e+02
7.760000000000000000e+02 7.950000000000000000e+02 7.740000000000000000e+02 9.930000000000000000e+02 9.480000000000000000e+02 1.124000000000000000e+03 1.914000000000000000e+03 1.263000000000000000e+03 1.232000000000000000e+03 1.143000000000000000e+03
7.760000000000000000e+02 2.040000000000000000e+02 1.000000000000000000e+00 0.000000000000000000e+00 0.000000000000000000e+00 0.000000000000000000e+00 0.000000000000000000e+00 0.000000000000000000e+00 0.000000000000000000e+00 0.000000000000000000e+00
7.860000000000000000e+02 8.120000000000000000e+02 7.780000000000000000e+02 9.790000000000000000e+02 9.360000000000000000e+02 1.087000000000000000e+03 1.834000000000000000e+03 1.269000000000000000e+03 1.178000000000000000e+03 1.118000000000000000e+03
7.860000000000000000e+02 2.140000000000000000e+02 2.000000000000000000e+00 0.000000000000000000e+00 0.000000000000000000e+00 0.000000000000000000e+00 0.000000000000000000e+00 0.000000000000000000e+00 0.000000000000000000e+00 0.000000000000000000e+00
0.000000000000000000e+00 2.222222222222222329e-04 4.444444444444444657e-04 6.666666666666667528e-04 8.888888888888889315e-04 1.111111111111111110e-03 1.333333333333333506e-03 1.555555555555555684e-03 1.777777777777777863e-03 2.000000000000000042e-03
