7.319587628865978912e-01 4.514824797843665638e-01 3.988522238163558220e-01 2.558139534883721034e-01 1.586134453781512521e-01 1.428571428571428492e-01 1.355042016806722593e-01 1.008403361344537841e-01 1.008403361344537841e-01 1.271008403361344463e-01
6.778169014084507449e-01 2.895522388059701413e-01 2.050359712230215847e-01 1.871657754010695174e-01 7.947019867549669214e-02 6.617647058823529493e-02 7.751937984496123923e-02 2.083333333333333218e-02 2.083333333333333218e-02 1.652892561983471120e-02
7.534246575342465890e-01 4.663461538461538547e-01 3.584905660377358250e-01 2.966101694915254106e-01 1.818181818181818232e-01 1.363636363636363535e-01 1.754385964912280604e-01 5.405405405405405705e-02 5.882352941176470507e-02 3.389830508474576259e-02
7.319587628865978912e-01 6.666666666666666297e-01 5.333333333333333259e-01 0.000000000000000000e+00 0.000000000000000000e+00 0.000000000000000000e+00 0.000000000000000000e+00 0.000000000000000000e+00 0.000000000000000000e+00 0.000000000000000000e+00
6.778169014084507449e-01 2.857142857142856984e-01 1.250000000000000000e-01 0.000000000000000000e+00 0.000000000000000000e+00 0.000000000000000000e+00 0.000000000000000000e+00 0.000000000000000000e+00 0.000000000000000000e+00 0.000000000000000000e+00
7.534246575342465890e-01 4.000000000000000222e-01 2.000000000000000111e-01 0.000000000000000000e+00 0.000000000000000000e+00 0.000000000000000000e+00 0.000000000000000000e+00 0.000000000000000000e+00 0.000000000000000000e+00 0.000000000000000000e+00
7.709923664122136922e-01 4.832214765100671383e-01 3.955739972337482535e-01 2.545968882602546168e-01 1.381509032943676885e-01 1.323529411764705899e-01 1.439075630252100724e-01 9.243697478991597105e-02 8.403361344537815802e-02 1.302521008403361436e-01
7.376237623762376128e-01 2.444444444444444364e-01 2.412587412587412494e-01 1.611111111111111216e-01 1.230769230769230838e-01 5.555555555555555247e-02 7.299270072992700142e-02 1.136363636363636395e-02 2.500000000000000139e-02 2.419354838709677352e-02
7.842105263157894690e-01 4.334975369458128336e-01 4.035087719298245390e-01 2.815533980582524132e-01 2.253521126760563431e-01 1.111111111111111049e-01 1.666666666666666574e-01 2.857142857142857054e-02 6.060606060606060774e-02 5.882352941176470507e-02
7.709923664122136922e-01 7.291666666666666297e-01 6.428571428571429047e-01 0.000000000000000000e+00 0.000000000000000000e+00 0.000000000000000000e+00 0.000000000000000000e+00 0.000000000000000000e+00 0.000000000000000000e+00 0.000000000000000000e+00
7.376237623762376128e-01 2.285714285714285643e-01 1.111111111111111049e-01 0.000000000000000000e+00 0.000000000000000000e+00 0.000000000000000000e+00 0.000000000000000000e+00 0.000000000000000000e+00 0.000000000000000000e+00 0.000000000000000000e+00
7.842105263157894690e-01 3.636363636363636465e-01 2.000000000000000111e-01 0.000000000000000000e+00 0.000000000000000000e+00 0.000000000000000000e+00 0.000000000000000000e+00 0.000000000000000000e+00 0.000000000000000000e+00 0.000000000000000000e+00
9.520000000000000000e+02 9.520000000000000000e+02 9.520000000000000000e+02 9.520000000000000000e+02 9.520000000000000000e+02 9.520000000000000000e+02 9.520000000000000000e+02 9.520000000000000000e+02 9.520000000000000000e+02 9.520000000000000000e+02
7.760000000000000000e+02 7.420000000000000000e+02 6.970000000000000000e+02 7.310000000000000000e+02 9.700000000000000000e+02 1.066000000000000000e+03 1.182000000000000000e+03 2.031000000000000000e+03 2.393000000000000000e+03 1.268000000000000000e+03
7.760000000000000000e+02 4.200000000000000000e+01 1.500000000000000000e+01 0.000000000000000000e+00 0.000000000000000000e+00 0.000000000000000000e+00 0.000000000000000000e+00 0.000000000000000000e+00 0.000000000000000000e+00 0.000000000000000000e+00
7.860000000000000000e+02 7.450000000000000000e+02 7.230000000000000000e+02 7.070000000000000000e+02 9.410000000000000000e+02 1.059000000000000000e+03 1.200000000000000000e+03 1.909000000000000000e+03 2.256000000000000000e+03 1.195000000000000000e+03
7.860000000000000000e+02 4.800000000000000000e+01 1.400000000000000000e+01 0.000000000000000000e+00 0.000000000000000000e+00 0.000000000000000000e+00 0.000000000000000000e+00 0.000000000000000000e+00 0.000000000000000000e+00 0.000000000000000000e+00
0.000000000000000000e+00 2.222222222222222329e-04 4.444444444444444657e-04 6.666666666666667528e-04 8.888888888888889315e-04 1.111111111111111110e-03 1.333333333333333506e-03 1.555555555555555684e-03 1.777777777777777863e-03 2.000000000000000042e-03
