7.319587628865978912e-01 5.185185185185184897e-01 3.239608801955990436e-01 3.583441138421733507e-01 1.973039215686274439e-01 1.239495798319327768e-01 1.029411764705882304e-01 1.186974789915966333e-01 9.243697478991597105e-02 9.558823529411764053e-02
6.778169014084507449e-01 2.660098522167487767e-01 1.698113207547169712e-01 1.516245487364620836e-01 9.316770186335403270e-02 4.237288135593220151e-02 5.102040816326530726e-02 9.734513274336283051e-02 3.409090909090908839e-02 1.098901098901098987e-02
7.534246575342465890e-01 4.556962025316455556e-01 3.308823529411764608e-01 3.529411764705882582e-01 2.238805970149253810e-01 1.162790697674418589e-01 9.433962264150944077e-02 1.641791044776119424e-01 9.090909090909091161e-02 3.703703703703703498e-02
7.319587628865978912e-01 5.487804878048780921e-01 0.000000000000000000e+00 0.000000000000000000e+00 0.000000000000000000e+00 0.000000000000000000e+00 0.000000000000000000e+00 0.000000000000000000e+00 0.000000000000000000e+00 0.000000000000000000e+00
6.778169014084507449e-01 3.555555555555555691e-01 0.000000000000000000e+00 0.000000000000000000e+00 0.000000000000000000e+00 0.000000000000000000e+00 0.000000000000000000e+00 0.000000000000000000e+00 0.000000000000000000e+00 0.000000000000000000e+00
7.534246575342465890e-01 4.705882352941176405e-01 0.000000000000000000e+00 0.000000000000000000e+00 0.000000000000000000e+00 0.000000000000000000e+00 0.000000000000000000e+00 0.000000000000000000e+00 0.000000000000000000e+00 0.000000000000000000e+00
7.709923664122136922e-01 5.252403846153845812e-01 3.203026481715006146e-01 3.692307692307692513e-01 1.943793911007025699e-01 1.186974789915966333e-01 9.138655462184873401e-02 9.978991596638656092e-02 8.508403361344538118e-02 8.193277310924369783e-02
7.376237623762376128e-01 2.723112128146453204e-01 1.732283464566929110e-01 1.284722222222222099e-01 1.144578313253011986e-01 5.309734513274336209e-02 1.149425287356321823e-02 7.368421052631578261e-02 2.469135802469135665e-02 1.282051282051282007e-02
7.842105263157894690e-01 4.877049180327868716e-01 3.165467625899280324e-01 2.846153846153846034e-01 2.261904761904761918e-01 1.176470588235294101e-01 1.818181818181818094e-02 1.186440677966101725e-01 5.405405405405405705e-02 3.225806451612903136e-02
7.709923664122136922e-01 5.842696629213482984e-01 0.000000000000000000e+00 0.000000000000000000e+00 0.000000000000000000e+00 0.000000000000000000e+00 0.000000000000000000e+00 0.000000000000000000e+00 0.000000000000000000e+00 0.000000000000000000e+00
7.376237623762376128e-01 3.461538461538461453e-01 0.000000000000000000e+00 0.000000000000000000e+00 0.000000000000000000e+00 0.000000000000000000e+00 0.000000000000000000e+00 0.000000000000000000e+00 0.000000000000000000e+00 0.000000000000000000e+00
7.842105263157894690e-01 5.454545454545454142e-01 0.000000000000000000e+00 0.000000000000000000e+00 0.000000000000000000e+00 0.000000000000000000e+00 0.000000000000000000e+00 0.000000000000000000e+00 0.000000000000000000e+00 0.000000000000000000e+00
9.520000000000000000e+02 9.520000000000000000e+02 9.520000000000000000e+02 9.520000000000000000e+02 9.520000000000000000e+02 9.520000000000000000e+02 9.520000000000000000e+02 9.520000000000000000e+02 9.520000000000000000e+02 9.520000000000000000e+02
7.760000000000000000e+02 7.830000000000000000e+02 8.180000000000000000e+02 7.730000000000000000e+02 8.160000000000000000e+02 1.225000000000000000e+03 1.537000000000000000e+03 1.568000000000000000e+03 2.139000000000000000e+03 2.511000000000000000e+03
7.760000000000000000e+02 8.200000000000000000e+01 0.000000000000000000e+00 0.000000000000000000e+00 0.000000000000000000e+00 0.000000000000000000e+00 0.000000000000000000e+00 0.000000000000000000e+00 0.000000000000000000e+00 0.000000000000000000e+00
7.860000000000000000e+02 8.320000000000000000e+02 7.930000000000000000e+02 7.800000000000000000e+02 8.540000000000000000e+02 1.214000000000000000e+03 1.516000000000000000e+03 1.497000000000000000e+03 2.043000000000000000e+03 2.359000000000000000e+03
7.860000000000000000e+02 8.900000000000000000e+01 0.000000000000000000e+00 0.000000000000000000e+00 0.000000000000000000e+00 0.000000000000000000e+00 0.000000000000000000e+00 0.000000000000000000e+00 0.000000000000000000e+00 0.000000000000000000e+00
0.000000000000000000e+00 2.222222222222222329e-04 4.444444444444444657e-04 6.666666666666667528e-04 8.888888888888889315e-04 1.111111111111111110e-03 1.333333333333333506e-03 1.555555555555555684e-03 1.777777777777777863e-03 2.000000000000000042e-03
