7.319587628865978912e-01 5.629228687415426258e-01 2.764920828258221608e-01 1.334033613445378130e-01 1.207983193277310935e-01 1.481092436974789928e-01 1.228991596638655398e-01 1.008403361344537841e-01 2.002262443438914130e-01 1.155462184873949638e-01
6.778169014084507449e-01 5.096153846153845812e-01 1.057268722466960381e-01 8.661417322834645549e-02 3.478260869565217434e-02 6.382978723404254817e-02 4.273504273504273587e-02 1.041666666666666609e-02 1.129943502824858753e-01 1.818181818181818094e-02
7.534246575342465890e-01 6.604361370716510526e-01 2.162162162162162282e-01 1.358024691358024616e-01 7.142857142857142461e-02 1.428571428571428492e-01 1.219512195121951192e-01 3.030303030303030387e-02 2.469135802469135665e-01 5.263157894736841813e-02
7.319587628865978912e-01 6.645962732919254989e-01 0.000000000000000000e+00 0.000000000000000000e+00 0.000000000000000000e+00 0.000000000000000000e+00 0.000000000000000000e+00 0.000000000000000000e+00 0.000000000000000000e+00 0.000000000000000000e+00
6.778169014084507449e-01 5.140186915887849928e-01 0.000000000000000000e+00 0.000000000000000000e+00 0.000000000000000000e+00 0.000000000000000000e+00 0.000000000000000000e+00 0.000000000000000000e+00 0.000000000000000000e+00 0.000000000000000000e+00
7.534246575342465890e-01 6.111111111111111605e-01 0.000000000000000000e+00 0.000000000000000000e+00 0.000000000000000000e+00 0.000000000000000000e+00 0.000000000000000000e+00 0.000000000000000000e+00 0.000000000000000000e+00 0.000000000000000000e+00
7.709923664122136922e-01 5.919689119170984393e-01 2.705735660847880530e-01 1.313025210084033667e-01 1.071428571428571369e-01 1.428571428571428492e-01 1.186974789915966333e-01 8.823529411764706454e-02 1.932584269662921406e-01 1.218487394957983166e-01
7.376237623762376128e-01 4.463894967177242656e-01 1.059907834101382479e-01 5.600000000000000117e-02 4.901960784313725422e-02 2.205882352941176613e-02 7.079646017699114946e-02 1.190476190476190410e-02 1.220930232558139483e-01 3.448275862068965469e-02
7.842105263157894690e-01 5.795454545454545858e-01 2.090909090909090773e-01 1.029411764705882304e-01 9.433962264150944077e-02 4.687500000000000000e-02 1.428571428571428492e-01 2.777777777777777624e-02 2.763157894736842368e-01 9.756097560975610095e-02
7.709923664122136922e-01 6.606060606060606410e-01 0.000000000000000000e+00 0.000000000000000000e+00 0.000000000000000000e+00 0.000000000000000000e+00 0.000000000000000000e+00 0.000000000000000000e+00 0.000000000000000000e+00 0.000000000000000000e+00
7.376237623762376128e-01 5.229357798165137350e-01 1.000000000000000000e+00 0.000000000000000000e+00 0.000000000000000000e+00 0.000000000000000000e+00 0.000000000000000000e+00 0.000000000000000000e+00 0.000000000000000000e+00 0.000000000000000000e+00
7.842105263157894690e-01 5.757575757575758013e-01 1.000000000000000000e+00 0.000000000000000000e+00 0.000000000000000000e+00 0.000000000000000000e+00 0.000000000000000000e+00 0.000000000000000000e+00 0.000000000000000000e+00 0.000000000000000000e+00
9.520000000000000000e+02 9.520000000000000000e+02 9.520000000000000000e+02 9.520000000000000000e+02 9.520000000000000000e+02 9.520000000000000000e+02 9.520000000000000000e+02 9.520000000000000000e+02 9.520000000000000000e+02 9.520000000000000000e+02
7.760000000000000000e+02 7.390000000000000000e+02 8.210000000000000000e+02 1.009000000000000000e+03 1.440000000000000000e+03 1.148000000000000000e+03 1.480000000000000000e+03 1.987000000000000000e+03 8.840000000000000000e+02 1.160000000000000000e+03
7.760000000000000000e+02 1.610000000000000000e+02 0.000000000000000000e+00 0.000000000000000000e+00 0.000000000000000000e+00 0.000000000000000000e+00 0.000000000000000000e+00 0.000000000000000000e+00 0.000000000000000000e+00 0.000000000000000000e+00
7.860000000000000000e+02 7.720000000000000000e+02 8.020000000000000000e+02 9.630000000000000000e+02 1.397000000000000000e+03 1.096000000000000000e+03 1.414000000000000000e+03 1.833000000000000000e+03 8.900000000000000000e+02 1.130000000000000000e+03
7.860000000000000000e+02 1.650000000000000000e+02 1.000000000000000000e+00 0.000000000000000000e+00 0.000000000000000000e+00 0.000000000000000000e+00 0.000000000000000000e+00 0.000000000000000000e+00 0.000000000000000000e+00 0.000000000000000000e+00
0.000000000000000000e+00 2.222222222222222329e-04 4.444444444444444657e-04 6.666666666666667528e-04 8.888888888888889315e-04 1.111111111111111110e-03 1.333333333333333506e-03 1.555555555555555684e-03 1.777777777777777863e-03 2.000000000000000042e-03
